7 0.545774647887324 0.33915343915343915 0.30140845070422534 0.31534391534391537
7 0.34507042253521125 0.33015873015873015 0.3028169014084507 0.2571428571428571
7 0.8394366197183099 0.4756613756613757 0.3056338028169014 0.22962962962962963
7 0.7133802816901409 0.617989417989418 0.3 0.291005291005291
7 0.4795774647887324 0.5433862433862434 0.3704225352112676 0.2074074074074074
7 0.1359154929577465 0.4973544973544973 0.271830985915493 0.3111111111111111
7 0.2056338028169014 0.6052910052910053 0.2830985915492958 0.24444444444444444
7 0.3464788732394366 0.45396825396825397 0.30140845070422534 0.21375661375661376
7 0.6401408450704226 0.4216931216931217 0.28169014084507044 0.2571428571428571
7 0.4859154929577465 0.5428571428571428 0.37746478873239436 0.20952380952380953
7 0.4838028169014085 0.6925925925925925 0.43802816901408453 0.2328042328042328
7 0.43802816901408453 0.8216931216931217 0.4704225352112676 0.2677248677248677
7 0.23028169014084507 0.7111111111111111 0.36056338028169016 0.21693121693121692
7 0.795774647887324 0.7052910052910053 0.31408450704225355 0.328042328042328