7 0.3873239436619718 0.6407407407407407 0.3816901408450704 0.3142857142857143
7 0.5725352112676056 0.6984126984126984 0.35352112676056335 0.2740740740740741
7 0.16971830985915493 0.4402116402116402 0.33943661971830985 0.2560846560846561
7 0.35 0.335978835978836 0.3676056338028169 0.29735449735449737
7 0.5380281690140845 0.464021164021164 0.3732394366197183 0.25925925925925924
7 0.8330985915492958 0.5968253968253968 0.33098591549295775 0.31322751322751324
7 0.823943661971831 0.4724867724867725 0.3323943661971831 0.25925925925925924
7 0.6253521126760564 0.580952380952381 0.32816901408450705 0.24232804232804234
7 0.3330985915492958 0.5396825396825397 0.33661971830985915 0.26666666666666666
7 0.5316901408450704 0.46296296296296297 0.38028169014084506 0.2624338624338624
7 0.5985915492957746 0.3216931216931217 0.4352112676056338 0.29735449735449737
7 0.6978873239436619 0.2111111111111111 0.47746478873239434 0.3322751322751323
7 0.8295774647887324 0.36666666666666664 0.3380281690140845 0.2634920634920635
7 0.30915492957746477 0.23386243386243386 0.39859154929577467 0.328042328042328