7 0.7091549295774648 0.4523809523809524 0.4070422535211268 0.19788359788359788
7 0.6225352112676056 0.31587301587301586 0.32535211267605635 0.2074074074074074
7 0.6929577464788732 0.7111111111111111 0.28450704225352114 0.21375661375661376
7 0.46549295774647886 0.6973544973544974 0.3732394366197183 0.2
7 0.4394366197183099 0.5079365079365079 0.24225352112676057 0.2698412698412698
7 0.3183098591549296 0.24708994708994708 0.4 0.2021164021164021
7 0.2352112676056338 0.3576719576719577 0.30985915492957744 0.1925925925925926
7 0.4788732394366197 0.37671957671957673 0.2619718309859155 0.2126984126984127
7 0.6591549295774648 0.5544973544973545 0.3267605633802817 0.18941798941798943
7 0.44366197183098594 0.5116402116402117 0.24366197183098592 0.2751322751322751
7 0.26830985915492955 0.5830687830687831 0.26901408450704223 0.32063492063492066
7 0.12746478873239436 0.6121693121693121 0.2549295774647887 0.33756613756613757
7 0.1267605633802817 0.4248677248677249 0.2535211267605634 0.2613756613756614
7 0.4042253521126761 0.7936507936507936 0.4253521126760563 0.2052910052910053