7 0.559640522875817 0.7151029748283753 0.4820261437908497 0.5652173913043478
7 0.18382352941176472 0.4931350114416476 0.36764705882352944 0.5194508009153318
7 0.4493464052287582 0.8901601830663616 0.29411764705882354 0.2151029748283753
7 0.696078431372549 0.8592677345537757 0.369281045751634 0.2768878718535469
7 0.928921568627451 0.6418764302059496 0.1388888888888889 0.4096109839816934
7 0.8284313725490197 0.7471395881006865 0.28594771241830064 0.40274599542334094
7 0.6887254901960784 0.5102974828375286 0.4199346405228758 0.5583524027459954
7 0.37336601307189543 0.7013729977116705 0.3415032679738562 0.459954233409611
7 0.20261437908496732 0.7379862700228833 0.30392156862745096 0.35697940503432496
7 0.19934640522875818 0.19107551487414187 0.3202614379084967 0.38215102974828374
7 0.39133986928104575 0.3157894736842105 0.4526143790849673 0.6018306636155606
7 0.6413398692810458 0.21967963386727687 0.3839869281045752 0.43935926773455375
7 0.3602941176470588 0.10183066361556065 0.3872549019607843 0.2036613272311213
7 0.08006535947712418 0.36384439359267734 0.16013071895424835 0.33867276887871856
7 0.8537581699346405 0.41304347826086957 0.28921568627450983 0.43249427917620137