11 0.6315359477124183 0.7216748768472906 0.37745098039215685 0.5517241379310345
11 0.5138888888888888 0.8596059113300493 0.1781045751633987 0.2413793103448276
11 0.4362745098039216 0.7857142857142857 0.29901960784313725 0.20689655172413793
11 0.3341503267973856 0.5320197044334976 0.19934640522875818 0.39655172413793105
11 0.4362745098039216 0.43596059113300495 0.19934640522875818 0.17980295566502463
11 0.5196078431372549 0.6206896551724138 0.27450980392156865 0.30049261083743845
11 0.3929738562091503 0.37561576354679804 0.11437908496732026 0.31527093596059114
11 0.5212418300653595 0.3916256157635468 0.29248366013071897 0.49014778325123154
11 0.6519607843137255 0.3793103448275862 0.2761437908496732 0.2019704433497537
11 0.636437908496732 0.2105911330049261 0.2875816993464052 0.27832512315270935
11 0.5171568627450981 0.13669950738916256 0.19117647058823528 0.2733990147783251