11 0.43300653594771243 0.08714596949891068 0.2777777777777778 0.17429193899782136
11 0.6299019607843137 0.1394335511982571 0.2173202614379085 0.2788671023965142
11 0.7875816993464052 0.39869281045751637 0.4215686274509804 0.5751633986928104
11 0.29901960784313725 0.2559912854030501 0.35294117647058826 0.5119825708061002
11 0.2426470588235294 0.14923747276688454 0.33169934640522875 0.2984749455337691
11 0.38480392156862747 0.5664488017429193 0.3839869281045752 0.5816993464052288
11 0.5473856209150327 0.48474945533769065 0.380718954248366 0.5620915032679739
11 0.6437908496732027 0.5969498910675382 0.565359477124183 0.8017429193899782
11 0.7794117647058824 0.6666666666666666 0.2042483660130719 0.2636165577342048
11 0.8880718954248366 0.4019607843137255 0.22058823529411764 0.3769063180827887
11 0.12418300653594772 0.32788671023965144 0.24836601307189543 0.42483660130718953
11 0.17565359477124182 0.4749455337690632 0.35130718954248363 0.644880174291939
11 0.2369281045751634 0.6623093681917211 0.2696078431372549 0.40522875816993464
11 0.4411764705882353 0.8137254901960784 0.28431372549019607 0.3681917211328976
11 0.5547385620915033 0.8594771241830066 0.32189542483660133 0.2766884531590414
11 0.6593137254901961 0.9389978213507625 0.2957516339869281 0.11764705882352941
11 0.7344771241830066 0.8954248366013072 0.3088235294117647 0.2047930283224401
11 0.7728758169934641 0.8366013071895425 0.3137254901960784 0.3224400871459695
11 0.8562091503267973 0.8061002178649237 0.184640522875817 0.23093681917211328
11 0.9052287581699346 0.6688453159041394 0.18627450980392157 0.2701525054466231
11 0.934640522875817 0.5620915032679739 0.12745098039215685 0.2178649237472767
11 0.09477124183006536 0.44989106753812635 0.1895424836601307 0.4117647058823529