7 0.7491830065359477 0.7095588235294118 0.29248366013071897 0.5024509803921569
7 0.9428104575163399 0.7708333333333334 0.1111111111111111 0.23284313725490197
7 0.9297385620915033 0.47549019607843135 0.13725490196078433 0.3480392156862745
7 0.875 0.15196078431372548 0.2042483660130719 0.30392156862745096
7 0.7794117647058824 0.25980392156862747 0.22549019607843138 0.5196078431372549
7 0.6454248366013072 0.24142156862745098 0.2581699346405229 0.48284313725490197
7 0.5073529411764706 0.2512254901960784 0.31209150326797386 0.5024509803921569
7 0.48856209150326796 0.46691176470588236 0.315359477124183 0.6397058823529411
7 0.6756535947712419 0.8002450980392157 0.20588235294117646 0.29901960784313725
7 0.38643790849673204 0.7218137254901961 0.26633986928104575 0.37254901960784315
7 0.5465686274509803 0.8860294117647058 0.1388888888888889 0.22303921568627452
7 0.6356209150326797 0.8688725490196079 0.1650326797385621 0.23039215686274508
7 0.20098039215686275 0.5551470588235294 0.17973856209150327 0.35784313725490197
7 0.25 0.2965686274509804 0.17647058823529413 0.47058823529411764
7 0.09722222222222222 0.44730392156862747 0.19281045751633988 0.32598039215686275