11 0.43995098039215685 0.25980392156862747 0.41421568627450983 0.3235294117647059
11 0.6017156862745098 0.309640522875817 0.35294117647058826 0.3055555555555556
11 0.7463235294117647 0.3799019607843137 0.39215686274509803 0.32516339869281047
11 0.866421568627451 0.4027777777777778 0.2622549019607843 0.25326797385620914
11 0.9338235294117647 0.4673202614379085 0.12745098039215685 0.27450980392156865
11 0.8186274509803921 0.6633986928104575 0.35784313725490197 0.29411764705882354
11 0.7622549019607843 0.548202614379085 0.375 0.29248366013071897
11 0.5490196078431373 0.7777777777777778 0.22303921568627452 0.14215686274509803
11 0.6458333333333334 0.6723856209150327 0.23529411764705882 0.18790849673202614
11 0.43014705882352944 0.690359477124183 0.31862745098039214 0.2826797385620915
11 0.34068627450980393 0.5849673202614379 0.3946078431372549 0.3627450980392157
11 0.23897058823529413 0.5065359477124183 0.33088235294117646 0.28104575163398693
11 0.24754901960784315 0.7843137254901961 0.24509803921568626 0.14215686274509803
11 0.43137254901960786 0.8194444444444444 0.21323529411764705 0.12745098039215685
11 0.18259803921568626 0.7083333333333334 0.30392156862745096 0.1503267973856209
11 0.10294117647058823 0.5310457516339869 0.20588235294117646 0.13071895424836602
11 0.16053921568627452 0.4444444444444444 0.2181372549019608 0.15359477124183007
11 0.3321078431372549 0.25735294117647056 0.39705882352941174 0.3480392156862745
11 0.2916666666666667 0.1503267973856209 0.23529411764705882 0.184640522875817
11 0.22794117647058823 0.21405228758169934 0.19362745098039216 0.1781045751633987