7 0.3758169934640523 0.45206971677559915 0.315359477124183 0.4749455337690632
7 0.352124183006536 0.7723311546840959 0.2630718954248366 0.3812636165577342
7 0.636437908496732 0.8714596949891068 0.315359477124183 0.25272331154684097
7 0.7916666666666666 0.9150326797385621 0.2042483660130719 0.1655773420479303
7 0.8684640522875817 0.6655773420479303 0.25980392156862747 0.49019607843137253
7 0.2312091503267974 0.696078431372549 0.25163398692810457 0.3638344226579521
7 0.4084967320261438 0.8943355119825708 0.20588235294117646 0.20697167755991286
7 0.10457516339869281 0.6851851851851852 0.20915032679738563 0.25054466230936817
7 0.10947712418300654 0.5392156862745098 0.21895424836601307 0.3159041394335512
7 0.0457516339869281 0.5501089324618736 0.0915032679738562 0.29411764705882354
7 0.11274509803921569 0.30610021786492375 0.22549019607843138 0.3681917211328976
7 0.2426470588235294 0.3758169934640523 0.28431372549019607 0.39433551198257083
7 0.2769607843137255 0.1503267973856209 0.29248366013071897 0.3006535947712418
7 0.4150326797385621 0.21459694989106753 0.20588235294117646 0.28104575163398693
7 0.5424836601307189 0.30501089324618735 0.21568627450980393 0.3028322440087146
7 0.5204248366013072 0.5599128540305011 0.26143790849673204 0.3877995642701525
7 0.6617647058823529 0.6198257080610022 0.2581699346405229 0.38344226579520696
7 0.8259803921568627 0.5403050108932462 0.33169934640522875 0.5272331154684096
7 0.16911764705882354 0.11002178649237472 0.184640522875817 0.22004357298474944
7 0.3946078431372549 0.11002178649237472 0.27941176470588236 0.22004357298474944
7 0.5269607843137255 0.13071895424836602 0.2173202614379085 0.26143790849673204
7 0.6323529411764706 0.22004357298474944 0.25326797385620914 0.3899782135076253
7 0.8316993464052288 0.33986928104575165 0.22712418300653595 0.3311546840958606
7 0.9093137254901961 0.4400871459694989 0.1781045751633987 0.37037037037037035
7 0.6985294117647058 0.3888888888888889 0.2173202614379085 0.3224400871459695
7 0.28431372549019607 0.037037037037037035 0.24183006535947713 0.07407407407407407