11 0.14787581699346405 0.3909313725490196 0.2957516339869281 0.5220588235294118
11 0.14215686274509803 0.2426470588235294 0.28431372549019607 0.4362745098039216
11 0.09477124183006536 0.15318627450980393 0.1895424836601307 0.23774509803921567
11 0.4133986928104575 0.08946078431372549 0.23202614379084968 0.17892156862745098
11 0.22712418300653595 0.4522058823529412 0.4542483660130719 0.6642156862745098
11 0.6021241830065359 0.1556372549019608 0.3937908496732026 0.3112745098039216
11 0.2589869281045752 0.6715686274509803 0.5179738562091504 0.6519607843137255
11 0.3333333333333333 0.7426470588235294 0.5163398692810458 0.5098039215686274
11 0.7116013071895425 0.25245098039215685 0.47875816993464054 0.5049019607843137
11 0.7720588235294118 0.3333333333333333 0.4526143790849673 0.6176470588235294
11 0.4665032679738562 0.8235294117647058 0.31862745098039214 0.3480392156862745
11 0.5473856209150327 0.8823529411764706 0.29411764705882354 0.23039215686274508
11 0.8227124183006536 0.5012254901960784 0.35130718954248363 0.5759803921568627
11 0.8709150326797386 0.6899509803921569 0.2549019607843137 0.42401960784313725
11 0.6870915032679739 0.9362745098039216 0.16013071895424835 0.10294117647058823
11 0.8921568627450981 0.8100490196078431 0.21241830065359477 0.3161764705882353