12 0.7606209150326797 0.7806372549019608 0.3480392156862745 0.4338235294117647
12 0.8161764705882353 0.5845588235294118 0.25163398692810457 0.3602941176470588
12 0.5964052287581699 0.1801470588235294 0.2222222222222222 0.32598039215686275
12 0.6462418300653595 0.4068627450980392 0.22712418300653595 0.33088235294117646
12 0.5931372549019608 0.6348039215686274 0.3937908496732026 0.6029411764705882
12 0.21486928104575165 0.10049019607843138 0.24673202614379086 0.20098039215686275
12 0.4207516339869281 0.125 0.2369281045751634 0.25
12 0.2426470588235294 0.21323529411764705 0.34477124183006536 0.4264705882352941
12 0.42892156862745096 0.19730392156862744 0.21405228758169934 0.3112745098039216
12 0.4624183006535948 0.32598039215686275 0.33169934640522875 0.49264705882352944
12 0.29330065359477125 0.5049019607843137 0.4591503267973856 0.6764705882352942