11 0.35049019607843135 0.4264705882352941 0.6650326797385621 0.8529411764705882
11 0.5866013071895425 0.4681372549019608 0.7026143790849673 0.9362745098039216
11 0.28104575163398693 0.928921568627451 0.24836601307189543 0.13725490196078433
11 0.744281045751634 0.49142156862745096 0.5081699346405228 0.821078431372549
11 0.4444444444444444 0.3553921568627451 0.6339869281045751 0.7107843137254902
11 0.45588235294117646 0.06985294117647059 0.22875816993464052 0.13970588235294118
11 0.44689542483660133 0.8137254901960784 0.46895424836601307 0.36764705882352944
11 0.6691176470588235 0.8406862745098039 0.23366013071895425 0.3137254901960784
11 0.8545751633986928 0.29411764705882354 0.2875816993464052 0.47058823529411764
11 0.7450980392156863 0.08455882352941177 0.2679738562091503 0.16911764705882354
11 0.6446078431372549 0.20955882352941177 0.47875816993464054 0.41911764705882354
11 0.5285947712418301 0.05392156862745098 0.3415032679738562 0.10784313725490197
11 0.9616013071895425 0.3590686274509804 0.07352941176470588 0.22794117647058823
11 0.380718954248366 0.7781862745098039 0.45751633986928103 0.4387254901960784
11 0.1380718954248366 0.8284313725490197 0.25326797385620914 0.3382352941176471
11 0.125 0.5649509803921569 0.25 0.4534313725490196