11 0.3815359477124183 0.3321078431372549 0.3611111111111111 0.6642156862745098
11 0.27450980392156865 0.30392156862745096 0.3349673202614379 0.5343137254901961
11 0.5996732026143791 0.5943627450980392 0.4084967320261438 0.7083333333333334
11 0.4591503267973856 0.5931372549019608 0.24509803921568626 0.40931372549019607
11 0.48366013071895425 0.375 0.2647058823529412 0.5147058823529411
11 0.5343137254901961 0.4571078431372549 0.21405228758169934 0.3700980392156863
11 0.4387254901960784 0.2916666666666667 0.12091503267973856 0.23284313725490197
11 0.6568627450980392 0.803921568627451 0.3464052287581699 0.3872549019607843
11 0.7287581699346405 0.7328431372549019 0.3464052287581699 0.4362745098039216
11 0.7818627450980392 0.6397058823529411 0.2875816993464052 0.3627450980392157
11 0.7124183006535948 0.48284313725490197 0.2630718954248366 0.35784313725490197