11 0.4339853300733496 0.5686274509803921 0.6161369193154034 0.4133986928104575
11 0.6503667481662592 0.7034313725490197 0.4743276283618582 0.315359477124183
11 0.7371638141809291 0.7647058823529411 0.26405867970660146 0.18790849673202614
11 0.4058679706601467 0.8897058823529411 0.40097799511002447 0.2173202614379085
11 0.16992665036674817 0.7671568627450981 0.33985330073349634 0.32516339869281047
11 0.15770171149144255 0.5563725490196079 0.3154034229828851 0.34477124183006536
11 0.27506112469437655 0.4411764705882353 0.2860635696821516 0.20261437908496732
11 0.5342298288508558 0.23529411764705882 0.3569682151589242 0.2581699346405229
11 0.4339853300733496 0.1781045751633987 0.24205378973105135 0.15522875816993464
11 0.3251833740831296 0.28104575163398693 0.33985330073349634 0.23366013071895425
11 0.8276283618581907 0.5506535947712419 0.20537897310513448 0.13725490196078433
11 0.7041564792176039 0.47875816993464054 0.2591687041564792 0.16993464052287582
11 0.7114914425427873 0.380718954248366 0.5452322738386308 0.3480392156862745
11 0.4706601466992665 0.826797385620915 0.3056234718826406 0.19117647058823528
11 0.39119804400978 0.4583333333333333 0.16625916870415647 0.10947712418300654
11 0.41687041564792177 0.6315359477124183 0.26894865525672373 0.16993464052287582
11 0.5672371638141809 0.6127450980392157 0.2469437652811736 0.1568627450980392
11 0.034229828850855744 0.7148692810457516 0.06845965770171149 0.20751633986928106
11 0.36797066014669927 0.9534313725490197 0.22249388753056235 0.08986928104575163
11 0.19682151589242053 0.9027777777777778 0.2616136919315403 0.16013071895424835