7 0.477124183006536 0.8512110726643599 0.31699346405228757 0.29411764705882354
7 0.4019607843137255 0.8762975778546713 0.3137254901960784 0.24394463667820068
7 0.44689542483660133 0.7750865051903114 0.27450980392156865 0.2958477508650519
7 0.24101307189542484 0.444636678200692 0.2761437908496732 0.38581314878892736
7 0.2181372549019608 0.28460207612456745 0.31699346405228757 0.3788927335640138
7 0.2769607843137255 0.3892733564013841 0.272875816993464 0.3754325259515571
7 0.7222222222222222 0.34342560553633217 0.24183006535947713 0.23356401384083045
7 0.7066993464052288 0.2629757785467128 0.28594771241830064 0.22145328719723184
7 0.6797385620915033 0.19550173010380623 0.24019607843137256 0.1903114186851211
7 0.7197712418300654 0.16695501730103807 0.20751633986928106 0.16262975778546712
7 0.8488562091503268 0.6730103806228374 0.24673202614379086 0.22491349480968859
7 0.75 0.7474048442906575 0.272875816993464 0.2301038062283737
7 0.7565359477124183 0.5856401384083045 0.2777777777777778 0.24048442906574394