7 0.6535947712418301 0.36613272311212813 0.3839869281045752 0.6704805491990846
7 0.5866013071895425 0.8375286041189931 0.2973856209150327 0.32036613272311215
7 0.8333333333333334 0.4668192219679634 0.21568627450980393 0.42105263157894735
7 0.755718954248366 0.21853546910755148 0.272875816993464 0.3135011441647597
7 0.576797385620915 0.09267734553775744 0.23202614379084968 0.1853546910755149
7 0.46568627450980393 0.2654462242562929 0.35947712418300654 0.5308924485125858
7 0.6691176470588235 0.6281464530892449 0.29901960784313725 0.459954233409611
7 0.7328431372549019 0.8123569794050344 0.2042483660130719 0.3707093821510298
7 0.35866013071895425 0.8867276887871853 0.24673202614379086 0.2219679633867277
7 0.39705882352941174 0.6887871853546911 0.3888888888888889 0.6178489702517163
7 0.2540849673202614 0.37643020594965676 0.30718954248366015 0.5354691075514875
7 0.17238562091503268 0.7219679633867276 0.27941176470588236 0.33867276887871856
7 0.33986928104575165 0.12471395881006865 0.23529411764705882 0.2494279176201373