11 0.9106753812636166 0.5147058823529411 0.17429193899782136 0.2973856209150327
11 0.4335511982570806 0.5906862745098039 0.8671023965141612 0.6584967320261438
11 0.6132897603485838 0.8235294117647058 0.48148148148148145 0.34967320261437906
11 0.8856209150326797 0.4199346405228758 0.22440087145969498 0.23202614379084968
11 0.6056644880174292 0.2508169934640523 0.7450980392156863 0.5016339869281046
11 0.7233115468409586 0.5212418300653595 0.5490196078431373 0.5163398692810458
11 0.32679738562091504 0.6715686274509803 0.6339869281045751 0.44281045751633985
11 0.3899782135076253 0.29411764705882354 0.5076252723311547 0.3627450980392157
11 0.2636165577342048 0.41830065359477125 0.5228758169934641 0.3709150326797386
11 0.0915032679738562 0.44199346405228757 0.1830065359477124 0.2042483660130719
11 0.04030501089324619 0.5138888888888888 0.08061002178649238 0.22058823529411764
11 0.46949891067538124 0.08496732026143791 0.2679738562091503 0.16993464052287582