4 0.8782679738562091 0.5985221674876847 0.1388888888888889 0.3522167487684729
4 0.8014705882352942 0.6169950738916257 0.16176470588235295 0.37438423645320196
4 0.8513071895424836 0.22783251231527094 0.17647058823529413 0.4408866995073892
4 0.7034313725490197 0.6637931034482759 0.2222222222222222 0.3472906403940887
4 0.5751633986928104 0.6958128078817734 0.184640522875817 0.3472906403940887
4 0.5138888888888888 0.7155172413793104 0.21241830065359477 0.35467980295566504
4 0.4681372549019608 0.7019704433497537 0.19117647058823528 0.34236453201970446
4 0.3839869281045752 0.7426108374384236 0.18627450980392157 0.41133004926108374
4 0.3047385620915033 0.7869458128078818 0.17973856209150327 0.3669950738916256
4 0.15604575163398693 0.8152709359605911 0.15522875816993464 0.35467980295566504
4 0.20261437908496732 0.75 0.12418300653594772 0.3226600985221675
4 0.10212418300653595 0.4766009852216749 0.18790849673202614 0.42857142857142855
4 0.3145424836601307 0.4187192118226601 0.1977124183006536 0.46798029556650245
4 0.38562091503267976 0.3472906403940887 0.20751633986928106 0.4482758620689655
4 0.4918300653594771 0.35344827586206895 0.25 0.4433497536945813
4 0.7344771241830066 0.3399014778325123 0.18627450980392157 0.3694581280788177
4 0.7704248366013072 0.18226600985221675 0.17647058823529413 0.3275862068965517
4 0.6699346405228758 0.27216748768472904 0.21241830065359477 0.4729064039408867
4 0.5972222222222222 0.35960591133004927 0.19444444444444445 0.42857142857142855
4 0.5220588235294118 0.29679802955665024 0.2107843137254902 0.39901477832512317
4 0.21241830065359477 0.4421182266009852 0.21895424836601307 0.47783251231527096