11 0.6642156862745098 0.5465686274509803 0.5735294117647058 0.8529411764705882
11 0.5367647058823529 0.26715686274509803 0.6062091503267973 0.5343137254901961
11 0.5620915032679739 0.26715686274509803 0.4803921568627451 0.5343137254901961
11 0.4117647058823529 0.3602941176470588 0.5065359477124183 0.7205882352941176
11 0.3088235294117647 0.4522058823529412 0.28921568627450983 0.4215686274509804
11 0.946078431372549 0.678921568627451 0.10457516339869281 0.24509803921568626
11 0.886437908496732 0.8014705882352942 0.18790849673202614 0.2769607843137255
11 0.8325163398692811 0.8713235294117647 0.20751633986928106 0.25245098039215685
11 0.559640522875817 0.7806372549019608 0.4362745098039216 0.4338235294117647
11 0.2099673202614379 0.5784313725490197 0.369281045751634 0.5392156862745098
11 0.09967320261437909 0.30637254901960786 0.19607843137254902 0.29411764705882354
11 0.5106209150326797 0.7647058823529411 0.5343137254901961 0.46568627450980393