11 0.8660130718954249 0.6119186046511628 0.20588235294117646 0.39244186046511625
11 0.8398692810457516 0.40843023255813954 0.14705882352941177 0.44476744186046513
11 0.7295751633986928 0.5232558139534884 0.14215686274509803 0.686046511627907
11 0.5874183006535948 0.6337209302325582 0.13562091503267973 0.5465116279069767
11 0.6511437908496732 0.4622093023255814 0.12745098039215685 0.6627906976744186
11 0.5212418300653595 0.6569767441860465 0.15196078431372548 0.5232558139534884
11 0.5187908496732027 0.31540697674418605 0.119281045751634 0.2761627906976744
11 0.41911764705882354 0.5334302325581395 0.17320261437908496 0.6918604651162791
11 0.3284313725490196 0.498546511627907 0.13562091503267973 0.5726744186046512
11 0.19526143790849673 0.48255813953488375 0.19607843137254902 0.6104651162790697
11 0.14950980392156862 0.31976744186046513 0.14705882352941177 0.4738372093023256
11 0.27941176470588236 0.4273255813953488 0.08660130718954248 0.32848837209302323