11 0.49406175771971494 0.494281045751634 0.8099762470308789 0.18627450980392157
11 0.44299287410926363 0.6740196078431373 0.7885985748218527 0.19281045751633988
11 0.1377672209026128 0.7965686274509803 0.2755344418052256 0.09313725490196079
11 0.0510688836104513 0.7091503267973857 0.1021377672209026 0.13071895424836602
11 0.15914489311163896 0.5669934640522876 0.3182897862232779 0.13725490196078433
11 0.12470308788598575 0.4877450980392157 0.2494061757719715 0.1323529411764706
11 0.6401425178147269 0.7859477124183006 0.7149643705463183 0.11437908496732026
11 0.7719714964370546 0.7377450980392157 0.4513064133016627 0.2107843137254902
11 0.28978622327790976 0.36519607843137253 0.5795724465558195 0.18137254901960784
11 0.2814726840855107 0.2540849673202614 0.5629453681710214 0.19444444444444445
11 0.2375296912114014 0.2099673202614379 0.4750593824228028 0.10947712418300654
11 0.7814726840855107 0.21895424836601307 0.4323040380047506 0.12091503267973856
11 0.828978622327791 0.255718954248366 0.33729216152019004 0.15849673202614378
11 0.7826603325415677 0.3790849673202614 0.42992874109263657 0.1111111111111111
11 0.9394299287410927 0.511437908496732 0.1163895486935867 0.1503267973856209
11 0.6876484560570071 0.5669934640522876 0.6199524940617577 0.1503267973856209