11 0.7303921568627451 0.5441176470588235 0.5032679738562091 0.49264705882352944
11 0.9117647058823529 0.8112745098039216 0.1568627450980392 0.37254901960784315
11 0.7589869281045751 0.7928921568627451 0.15522875816993464 0.3480392156862745
11 0.47549019607843135 0.43014705882352944 0.4869281045751634 0.7647058823529411
11 0.8504901960784313 0.31862745098039214 0.2957516339869281 0.39705882352941174
11 0.7230392156862745 0.6176470588235294 0.5506535947712419 0.7598039215686274
11 0.15849673202614378 0.6936274509803921 0.31699346405228757 0.5245098039215687
11 0.5645424836601307 0.2340686274509804 0.3545751633986928 0.4681372549019608
11 0.3660130718954248 0.27328431372549017 0.2647058823529412 0.5465686274509803
11 0.14052287581699346 0.39215686274509803 0.28104575163398693 0.3382352941176471
11 0.12254901960784313 0.5747549019607843 0.24509803921568626 0.30637254901960786
11 0.2246732026143791 0.8308823529411765 0.31862745098039214 0.2818627450980392
11 0.21241830065359477 0.15196078431372548 0.30392156862745096 0.30392156862745096
11 0.7696078431372549 0.29044117647058826 0.24836601307189543 0.5073529411764706
11 0.7663398692810458 0.8088235294117647 0.2549019607843137 0.37745098039215685
11 0.6323529411764706 0.9264705882352942 0.11437908496732026 0.14215686274509803
11 0.5392156862745098 0.9203431372549019 0.12418300653594772 0.15441176470588236
11 0.4714052287581699 0.6507352941176471 0.22875816993464052 0.5073529411764706