11 0.4452614379084967 0.800453514739229 0.19444444444444445 0.3945578231292517
11 0.2589869281045752 0.7698412698412699 0.22058823529411764 0.4557823129251701
11 0.4362745098039216 0.6904761904761905 0.553921568627451 0.28798185941043086
11 0.22303921568627452 0.3945578231292517 0.1895424836601307 0.7687074829931972
11 0.3553921568627451 0.6235827664399093 0.09477124183006536 0.1292517006802721
11 0.3929738562091503 0.264172335600907 0.20261437908496732 0.4897959183673469
11 0.6241830065359477 0.9081632653061225 0.3790849673202614 0.17913832199546487
11 0.7777777777777778 0.6825396825396826 0.18627450980392157 0.4376417233560091
11 0.8325163398692811 0.8832199546485261 0.08169934640522876 0.2018140589569161
11 0.7777777777777778 0.46598639455782315 0.17320261437908496 0.4013605442176871
11 0.7312091503267973 0.2766439909297052 0.2581699346405229 0.46258503401360546
11 0.6102941176470589 0.32653061224489793 0.1977124183006536 0.2947845804988662
11 0.5392156862745098 0.8934240362811792 0.12254901960784313 0.2108843537414966
11 0.17483660130718953 0.42857142857142855 0.07679738562091504 0.37188208616780044
11 0.46895424836601307 0.08390022675736962 0.1111111111111111 0.16780045351473924