7 0.10620915032679738 0.4742647058823529 0.21241830065359477 0.39950980392156865
7 0.24754901960784315 0.7291666666666666 0.34477124183006536 0.5367647058823529
7 0.26715686274509803 0.4877450980392157 0.28431372549019607 0.5269607843137255
7 0.4624183006535948 0.5049019607843137 0.28431372549019607 0.4632352941176471
7 0.3946078431372549 0.3553921568627451 0.3349673202614379 0.5490196078431373
7 0.5416666666666666 0.6764705882352942 0.3611111111111111 0.5220588235294118
7 0.3880718954248366 0.18137254901960784 0.2761437908496732 0.3627450980392157
7 0.6781045751633987 0.48651960784313725 0.35294117647058826 0.6274509803921569
7 0.625 0.24754901960784315 0.3741830065359477 0.4950980392156863
7 0.761437908496732 0.1568627450980392 0.30718954248366015 0.3137254901960784
7 0.8382352941176471 0.43995098039215685 0.27124183006535946 0.4117647058823529
7 0.8848039215686274 0.25735294117647056 0.22712418300653595 0.34558823529411764
7 0.8398692810457516 0.11397058823529412 0.22549019607843138 0.22794117647058823