11 0.5996732026143791 0.46200980392156865 0.7009803921568627 0.8259803921568627
11 0.7124183006535948 0.5 0.5228758169934641 0.7181372549019608
11 0.8423202614379085 0.5294117647058824 0.31209150326797386 0.5392156862745098
11 0.7124183006535948 0.8088235294117647 0.2238562091503268 0.27450980392156865
11 0.37336601307189543 0.9571078431372549 0.272875816993464 0.08088235294117647
11 0.5571895424836601 0.20833333333333334 0.3790849673202614 0.4166666666666667
11 0.8995098039215687 0.23284313725490197 0.1977124183006536 0.4362745098039216
11 0.31209150326797386 0.23284313725490197 0.24183006535947713 0.35784313725490197
11 0.27532679738562094 0.5919117647058824 0.3660130718954248 0.5661764705882353
11 0.5081699346405228 0.8700980392156863 0.26143790849673204 0.2549019607843137
11 0.184640522875817 0.9350490196078431 0.16993464052287582 0.125
11 0.136437908496732 0.8345588235294118 0.20751633986928106 0.32598039215686275
11 0.13071895424836602 0.7598039215686274 0.26143790849673204 0.4411764705882353
11 0.1503267973856209 0.4424019607843137 0.3006535947712418 0.4877450980392157
11 0.7181372549019608 0.07230392156862746 0.24673202614379086 0.14460784313725492
11 0.8031045751633987 0.08823529411764706 0.24019607843137256 0.17647058823529413
11 0.9477124183006536 0.5796568627450981 0.10130718954248366 0.24754901960784315