11 0.4166666666666667 0.2977941176470588 0.42483660130718953 0.5955882352941176
11 0.33088235294117646 0.24632352941176472 0.3349673202614379 0.49264705882352944
11 0.5800653594771242 0.6299019607843137 0.45588235294117646 0.6764705882352942
11 0.4444444444444444 0.5735294117647058 0.2679738562091503 0.39950980392156865
11 0.505718954248366 0.37254901960784315 0.315359477124183 0.46568627450980393
11 0.5408496732026143 0.47181372549019607 0.238562091503268 0.3553921568627451
11 0.47630718954248363 0.27450980392156865 0.1437908496732026 0.2107843137254902
11 0.571078431372549 0.8137254901960784 0.27941176470588236 0.36764705882352944
11 0.6462418300653595 0.7573529411764706 0.2565359477124183 0.3872549019607843
11 0.7181372549019608 0.696078431372549 0.21241830065359477 0.31862745098039214
11 0.7083333333333334 0.5661764705882353 0.2581699346405229 0.3897058823529412