11 0.25 0.4550653594771242 0.38372093023255816 0.25980392156862747
11 0.18372093023255814 0.4861111111111111 0.2744186046511628 0.17973856209150327
11 0.24651162790697675 0.5171568627450981 0.34186046511627904 0.21241830065359477
11 0.21395348837209302 0.5841503267973857 0.3674418604651163 0.21405228758169934
11 0.3302325581395349 0.5702614379084967 0.26744186046511625 0.1568627450980392
11 0.3372093023255814 0.6552287581699346 0.36511627906976746 0.21895424836601307
11 0.4325581395348837 0.6928104575163399 0.42790697674418604 0.2826797385620915
11 0.5686046511627907 0.6650326797385621 0.34186046511627904 0.24673202614379086
11 0.5104651162790698 0.7189542483660131 0.4046511627906977 0.28104575163398693
11 0.47790697674418603 0.755718954248366 0.3395348837209302 0.238562091503268
11 0.3872093023255814 0.7009803921568627 0.31627906976744186 0.19934640522875818
11 0.1511627906976744 0.5686274509803921 0.25813953488372093 0.14705882352941177
11 0.25465116279069766 0.6478758169934641 0.3325581395348837 0.1895424836601307
11 0.26976744186046514 0.6862745098039216 0.31627906976744186 0.1895424836601307
11 0.34767441860465115 0.6486928104575164 0.3395348837209302 0.20588235294117646