11 0.24302325581395348 0.5081699346405228 0.37209302325581395 0.2696078431372549
11 0.19186046511627908 0.5522875816993464 0.2558139534883721 0.19281045751633988
11 0.2651162790697674 0.5686274509803921 0.30465116279069765 0.238562091503268
11 0.2616279069767442 0.6397058823529411 0.30930232558139537 0.2565359477124183
11 0.3674418604651163 0.6021241830065359 0.22790697674418606 0.18627450980392157
11 0.40813953488372096 0.6813725490196079 0.313953488372093 0.2549019607843137
11 0.5151162790697674 0.6985294117647058 0.4046511627906977 0.29901960784313725
11 0.6337209302325582 0.6437908496732027 0.3511627906976744 0.24019607843137256
11 0.6011627906976744 0.7066993464052288 0.40232558139534885 0.28431372549019607
11 0.586046511627907 0.7491830065359477 0.3395348837209302 0.238562091503268
11 0.4755813953488372 0.7156862745098039 0.28837209302325584 0.2222222222222222
11 0.19534883720930232 0.6372549019607843 0.2116279069767442 0.17973856209150327
11 0.32325581395348835 0.6928104575163399 0.27209302325581397 0.23202614379084968
11 0.32558139534883723 0.7532679738562091 0.32790697674418606 0.27450980392156865
11 0.41627906976744183 0.673202614379085 0.29767441860465116 0.2369281045751634