7 0.4485294117647059 0.8259803921568627 0.3741830065359477 0.3431372549019608
7 0.7581699346405228 0.7659313725490197 0.38235294117647056 0.41421568627450983
7 0.7312091503267973 0.6115196078431373 0.3872549019607843 0.5049019607843137
7 0.670751633986928 0.4227941176470588 0.40032679738562094 0.5686274509803921
7 0.5171568627450981 0.4730392156862745 0.4591503267973856 0.6102941176470589
7 0.369281045751634 0.8333333333333334 0.23529411764705882 0.3284313725490196
7 0.3235294117647059 0.4105392156862745 0.29411764705882354 0.45588235294117646
7 0.2679738562091503 0.6924019607843137 0.17320261437908496 0.25
7 0.31209150326797386 0.8125 0.1830065359477124 0.28431372549019607
7 0.3790849673202614 0.13480392156862744 0.24183006535947713 0.2696078431372549
7 0.5465686274509803 0.13602941176470587 0.31862745098039214 0.27205882352941174