7 0.4714052287581699 0.3311546840958606 0.3055555555555556 0.25925925925925924
7 0.25 0.4596949891067538 0.23529411764705882 0.23093681917211328
7 0.2679738562091503 0.8583877995642701 0.23529411764705882 0.27233115468409586
7 0.5866013071895425 0.9564270152505446 0.3202614379084967 0.08278867102396514
7 0.24019607843137256 0.28104575163398693 0.22549019607843138 0.22004357298474944
7 0.1830065359477124 0.593681917211329 0.119281045751634 0.22657952069716775
7 0.1854575163398693 0.12418300653594772 0.11274509803921569 0.24836601307189543
7 0.2834967320261438 0.08496732026143791 0.18137254901960784 0.16993464052287582
7 0.4338235294117647 0.02505446623093682 0.22712418300653595 0.05010893246187364
7 0.45669934640522875 0.1394335511982571 0.23202614379084968 0.2657952069716776
7 0.6617647058823529 0.08496732026143791 0.2581699346405229 0.16993464052287582
7 0.6462418300653595 0.2625272331154684 0.16339869281045752 0.19825708061002179
7 0.6486928104575164 0.4553376906318083 0.17973856209150327 0.20043572984749455
7 0.47058823529411764 0.5522875816993464 0.24509803921568626 0.2222222222222222
7 0.5 0.7461873638344226 0.2434640522875817 0.22004357298474944
7 0.6323529411764706 0.8856209150326797 0.35947712418300654 0.22440087145969498
7 0.7630718954248366 0.144880174291939 0.2369281045751634 0.25272331154684097
7 0.7753267973856209 0.33769063180827885 0.19934640522875818 0.18518518518518517
7 0.7483660130718954 0.5185185185185185 0.2565359477124183 0.20261437908496732
7 0.7655228758169934 0.809368191721133 0.2042483660130719 0.20043572984749455
7 0.7589869281045751 0.9389978213507625 0.22712418300653595 0.11764705882352941
7 0.6691176470588235 0.6775599128540305 0.20261437908496732 0.18518518518518517
7 0.7843137254901961 0.0392156862745098 0.19607843137254902 0.06971677559912855