11 0.559640522875817 0.5772058823529411 0.6748366013071896 0.8406862745098039
11 0.5759803921568627 0.7046568627450981 0.5277777777777778 0.5857843137254902
11 0.6094771241830066 0.8651960784313726 0.3562091503267974 0.2647058823529412
11 0.3839869281045752 0.8762254901960784 0.21895424836601307 0.2426470588235294
11 0.11274509803921569 0.5306372549019608 0.22549019607843138 0.3700980392156863
11 0.7524509803921569 0.44730392156862747 0.3937908496732026 0.5931372549019608
11 0.815359477124183 0.8860294117647058 0.2549019607843137 0.22303921568627452
11 0.5988562091503268 0.1642156862745098 0.25 0.3284313725490196
11 0.3627450980392157 0.2549019607843137 0.38562091503267976 0.5098039215686274
11 0.23774509803921567 0.6629901960784313 0.2630718954248366 0.38480392156862747
11 0.08251633986928104 0.23774509803921567 0.1650326797385621 0.25980392156862747
11 0.1568627450980392 0.14215686274509803 0.2222222222222222 0.28431372549019607
11 0.20588235294117646 0.14705882352941177 0.28431372549019607 0.29411764705882354
11 0.3946078431372549 0.09926470588235294 0.380718954248366 0.19852941176470587
11 0.8962418300653595 0.6041666666666666 0.2042483660130719 0.40931372549019607
11 0.9084967320261438 0.7230392156862745 0.17973856209150327 0.45098039215686275
11 0.954248366013072 0.7120098039215687 0.08823529411764706 0.3161764705882353