11 0.7483660130718954 0.7904411764705882 0.41830065359477125 0.41421568627450983
11 0.6968954248366013 0.8725490196078431 0.3872549019607843 0.25
11 0.4084967320261438 0.875 0.24836601307189543 0.24509803921568626
11 0.704248366013072 0.6727941176470589 0.5849673202614379 0.6495098039215687
11 0.2769607843137255 0.7022058823529411 0.4264705882352941 0.553921568627451
11 0.7230392156862745 0.5588235294117647 0.5506535947712419 0.8774509803921569
11 0.7205882352941176 0.4325980392156863 0.5555555555555556 0.821078431372549
11 0.25245098039215685 0.5330882352941176 0.5049019607843137 0.7867647058823529
11 0.24754901960784315 0.40441176470588236 0.4950980392156863 0.8088235294117647
11 0.6601307189542484 0.2622549019607843 0.3758169934640523 0.5245098039215687
11 0.6151960784313726 0.17401960784313725 0.315359477124183 0.3480392156862745
11 0.2369281045751634 0.28799019607843135 0.4738562091503268 0.5759803921568627
11 0.26552287581699346 0.14215686274509803 0.35784313725490197 0.28431372549019607
11 0.5204248366013072 0.041666666666666664 0.1650326797385621 0.08333333333333333
11 0.2957516339869281 0.05392156862745098 0.29411764705882354 0.10784313725490197