12 0.23447712418300654 0.4522058823529412 0.23202614379084968 0.28431372549019607
12 0.40441176470588236 0.35171568627450983 0.2042483660130719 0.28921568627450983
12 0.5620915032679739 0.2549019607843137 0.2173202614379085 0.2818627450980392
12 0.6838235294117647 0.2855392156862745 0.2042483660130719 0.25980392156862747
12 0.8186274509803921 0.34068627450980393 0.25980392156862747 0.3333333333333333
12 0.8071895424836601 0.5036764705882353 0.21895424836601307 0.35049019607843135
12 0.5147058823529411 0.44730392156862747 0.26633986928104575 0.34558823529411764
12 0.16993464052287582 0.6482843137254902 0.2238562091503268 0.3431372549019608
12 0.32598039215686275 0.5306372549019608 0.20751633986928106 0.28921568627450983
12 0.315359477124183 0.7279411764705882 0.22549019607843138 0.35784313725490197
12 0.4730392156862745 0.6176470588235294 0.22058823529411764 0.3431372549019608
12 0.6470588235294118 0.4877450980392157 0.24019607843137256 0.3553921568627451