4 0.869281045751634 0.6564039408866995 0.11764705882352941 0.34236453201970446
4 0.7916666666666666 0.6637931034482759 0.1388888888888889 0.3620689655172414
4 0.8684640522875817 0.28448275862068967 0.1503267973856209 0.42857142857142855
4 0.6911764705882353 0.6945812807881774 0.20588235294117646 0.3226600985221675
4 0.5612745098039216 0.7068965517241379 0.16666666666666666 0.33004926108374383
4 0.49836601307189543 0.7167487684729064 0.19281045751633988 0.33251231527093594
4 0.4542483660130719 0.6958128078817734 0.17320261437908496 0.3226600985221675
4 0.36764705882352944 0.7229064039408867 0.16339869281045752 0.39655172413793105
4 0.28594771241830064 0.7549261083743842 0.16013071895424835 0.3497536945812808
4 0.136437908496732 0.7598522167487685 0.13562091503267973 0.34236453201970446
4 0.18709150326797386 0.7019704433497537 0.10620915032679738 0.31527093596059114
4 0.10620915032679738 0.41379310344827586 0.16339869281045752 0.41379310344827586
4 0.32107843137254904 0.3891625615763547 0.16993464052287582 0.45320197044334976
4 0.39705882352941174 0.33004926108374383 0.1830065359477124 0.43103448275862066
4 0.5024509803921569 0.35344827586206895 0.22712418300653595 0.4187192118226601
4 0.744281045751634 0.37807881773399016 0.16666666666666666 0.3522167487684729
4 0.7908496732026143 0.22660098522167488 0.15849673202614378 0.3103448275862069
4 0.684640522875817 0.29926108374384236 0.18627450980392157 0.45566502463054187
4 0.6062091503267973 0.37561576354679804 0.16993464052287582 0.41133004926108374
4 0.5359477124183006 0.30049261083743845 0.18790849673202614 0.3793103448275862
4 0.2173202614379085 0.3977832512315271 0.19117647058823528 0.458128078817734