11 0.29411764705882354 0.5702614379084967 0.5882352941176471 0.4411764705882353
11 0.19117647058823528 0.6029411764705882 0.38235294117647056 0.3660130718954248
11 0.2916666666666667 0.25 0.5686274509803921 0.3790849673202614
11 0.29901960784313725 0.35049019607843135 0.3627450980392157 0.24509803921568626
11 0.4534313725490196 0.5686274509803921 0.6078431372549019 0.4150326797385621
11 0.42401960784313725 0.701797385620915 0.6029411764705882 0.40032679738562094
11 0.5870098039215687 0.6993464052287581 0.4803921568627451 0.3235294117647059
11 0.5232843137254902 0.8684640522875817 0.42401960784313725 0.25980392156862747
11 0.6078431372549019 0.8202614379084967 0.6666666666666666 0.3562091503267974
11 0.8517156862745098 0.7377450980392157 0.2916666666666667 0.2696078431372549
11 0.8933823529411765 0.8431372549019608 0.19852941176470587 0.13562091503267973
11 0.6899509803921569 0.40604575163398693 0.6151960784313726 0.4624183006535948
11 0.5159313725490197 0.3946078431372549 0.49264705882352944 0.3349673202614379
11 0.5821078431372549 0.18627450980392157 0.29901960784313725 0.19934640522875818