7 0.4730392156862745 0.5747549019607843 0.2679738562091503 0.6348039215686274
7 0.1119281045751634 0.40808823529411764 0.2238562091503268 0.33578431372549017
7 0.11519607843137254 0.5992647058823529 0.23039215686274508 0.41421568627450983
7 0.3415032679738562 0.7267156862745098 0.3137254901960784 0.5416666666666666
7 0.12418300653594772 0.7953431372549019 0.22549019607843138 0.40441176470588236
7 0.1576797385620915 0.8921568627450981 0.2107843137254902 0.2107843137254902
7 0.3276143790849673 0.8553921568627451 0.25326797385620914 0.28431372549019607
7 0.494281045751634 0.9215686274509803 0.20751633986928106 0.15196078431372548
7 0.6004901960784313 0.5600490196078431 0.29248366013071897 0.5955882352941176
7 0.272875816993464 0.3492647058823529 0.20588235294117646 0.3431372549019608
7 0.13398692810457516 0.22181372549019607 0.1715686274509804 0.19362745098039216
7 0.035130718954248366 0.2818627450980392 0.07026143790849673 0.16666666666666666
7 0.3014705882352941 0.1642156862745098 0.22549019607843138 0.2549019607843137
7 0.4338235294117647 0.18995098039215685 0.14869281045751634 0.28431372549019607
7 0.49754901960784315 0.15318627450980393 0.25326797385620914 0.30637254901960786
7 0.5939542483660131 0.8198529411764706 0.25326797385620914 0.35294117647058826
7 0.7410130718954249 0.7205882352941176 0.19607843137254902 0.35784313725490197
7 0.738562091503268 0.5134803921568627 0.3300653594771242 0.5637254901960784
7 0.75 0.29901960784313725 0.3333333333333333 0.5980392156862745
7 0.8120915032679739 0.08823529411764706 0.23529411764705882 0.17647058823529413
7 0.9395424836601307 0.41911764705882354 0.11764705882352941 0.46078431372549017
7 0.8799019607843137 0.4166666666666667 0.2173202614379085 0.571078431372549