7 0.5449346405228758 0.5110294117647058 0.3006535947712418 0.37254901960784315
7 0.7066993464052288 0.7818627450980392 0.3888888888888889 0.42892156862745096
7 0.45016339869281047 0.9730392156862745 0.1977124183006536 0.049019607843137254
7 0.43709150326797386 0.8811274509803921 0.2434640522875817 0.23284313725490197
7 0.3668300653594771 0.6997549019607843 0.22875816993464052 0.28921568627450983
7 0.32598039215686275 0.5220588235294118 0.2369281045751634 0.29411764705882354
7 0.25245098039215685 0.3431372549019608 0.23366013071895425 0.3088235294117647
7 0.22140522875816993 0.18872549019607843 0.23039215686274508 0.22058823529411764
7 0.5465686274509803 0.31004901960784315 0.2565359477124183 0.3235294117647059
7 0.6601307189542484 0.5833333333333334 0.3055555555555556 0.3627450980392157
7 0.8178104575163399 0.8014705882352942 0.23366013071895425 0.19607843137254902
7 0.795751633986928 0.5649509803921569 0.20261437908496732 0.27941176470588236
7 0.7189542483660131 0.3321078431372549 0.21895424836601307 0.3112745098039216
7 0.6650326797385621 0.1409313725490196 0.20588235294117646 0.2818627450980392
7 0.4812091503267974 0.16176470588235295 0.28921568627450983 0.3235294117647059
7 0.2965686274509804 0.19362745098039216 0.2369281045751634 0.2769607843137255
7 0.35866013071895425 0.3872549019607843 0.24019607843137256 0.2867647058823529
7 0.4591503267973856 0.7745098039215687 0.25163398692810457 0.3088235294117647
7 0.5416666666666666 0.9093137254901961 0.2107843137254902 0.17647058823529413
7 0.5931372549019608 0.04779411764705882 0.21895424836601307 0.09558823529411764