7 0.16584967320261437 0.5163398692810458 0.33169934640522875 0.5010893246187363
7 0.4583333333333333 0.3638344226579521 0.4444444444444444 0.6514161220043573
7 0.6830065359477124 0.41721132897603486 0.4950980392156863 0.6949891067538126
7 0.7794117647058824 0.6318082788671024 0.43790849673202614 0.7233115468409586
7 0.7696078431372549 0.3289760348583878 0.25163398692810457 0.355119825708061
7 0.6127450980392157 0.7810457516339869 0.42483660130718953 0.4335511982570806
7 0.5383986928104575 0.8257080610021786 0.32189542483660133 0.3442265795206972
7 0.42483660130718953 0.7178649237472767 0.4019607843137255 0.5599128540305011
7 0.5964052287581699 0.11546840958605664 0.23202614379084968 0.23093681917211328
7 0.3570261437908497 0.25054466230936817 0.4362745098039216 0.5010893246187363
7 0.2508169934640523 0.6742919389978214 0.2761437908496732 0.38562091503267976