11 0.44281045751633985 0.42401960784313725 0.6699346405228758 0.8480392156862745
11 0.42810457516339867 0.29411764705882354 0.5261437908496732 0.5882352941176471
11 0.397875816993464 0.1323529411764706 0.35784313725490197 0.2647058823529412
11 0.6217320261437909 0.12622549019607843 0.2173202614379085 0.25245098039215685
11 0.8872549019607843 0.48284313725490197 0.2222222222222222 0.37254901960784315
11 0.24754901960784315 0.5465686274509803 0.3954248366013072 0.5931372549019608
11 0.19117647058823528 0.10784313725490197 0.2581699346405229 0.21568627450980393
11 0.39869281045751637 0.8333333333333334 0.25163398692810457 0.3284313725490196
11 0.6339869281045751 0.7463235294117647 0.38562091503267976 0.5024509803921569
11 0.7638888888888888 0.3443627450980392 0.2630718954248366 0.3872549019607843
11 0.9150326797385621 0.7757352941176471 0.16666666666666666 0.2622549019607843
11 0.8398692810457516 0.8627450980392157 0.2222222222222222 0.2696078431372549
11 0.7900326797385621 0.8566176470588235 0.28594771241830064 0.2818627450980392
11 0.5980392156862745 0.9007352941176471 0.3790849673202614 0.19362745098039216
11 0.10457516339869281 0.3860294117647059 0.20915032679738563 0.40931372549019607
11 0.09313725490196079 0.2659313725490196 0.18627450980392157 0.4485294117647059
11 0.04820261437908497 0.2769607843137255 0.09640522875816994 0.3137254901960784