12 0.7606209150326797 0.5894607843137255 0.2238562091503268 0.25980392156862747
12 0.5849673202614379 0.6617647058823529 0.19444444444444445 0.2696078431372549
12 0.4215686274509804 0.7340686274509803 0.20751633986928106 0.25980392156862747
12 0.3022875816993464 0.6850490196078431 0.19607843137254902 0.23774509803921567
12 0.17238562091503268 0.6078431372549019 0.25 0.30637254901960786
12 0.19444444444444445 0.4485294117647059 0.2042483660130719 0.3333333333333333
12 0.4820261437908497 0.5490196078431373 0.2549019607843137 0.3161764705882353
12 0.8390522875816994 0.40441176470588236 0.2107843137254902 0.3235294117647059
12 0.6748366013071896 0.4963235294117647 0.19607843137254902 0.2696078431372549
12 0.6993464052287581 0.30269607843137253 0.20915032679738563 0.3382352941176471
12 0.5351307189542484 0.3872549019607843 0.20588235294117646 0.3235294117647059
12 0.35294117647058826 0.4889705882352941 0.22712418300653595 0.3333333333333333