11 0.44607843137254904 0.8954248366013072 0.4444444444444444 0.2047930283224401
11 0.22875816993464052 0.8257080610021786 0.25163398692810457 0.23965141612200436
11 0.2785947712418301 0.6775599128540305 0.29248366013071897 0.37037037037037035
11 0.3292483660130719 0.43028322440087147 0.4150326797385621 0.39433551198257083
11 0.6323529411764706 0.5904139433551199 0.49673202614379086 0.4466230936819172
11 0.6503267973856209 0.3366013071895425 0.5882352941176471 0.5294117647058824
11 0.3341503267973856 0.16013071895424835 0.3022875816993464 0.3202614379084967
11 0.3545751633986928 0.0915032679738562 0.2908496732026144 0.1830065359477124
11 0.6356209150326797 0.14161220043572983 0.4542483660130719 0.28322440087145967
11 0.6609477124183006 0.9520697167755992 0.23039215686274508 0.0915032679738562
11 0.5694444444444444 0.7679738562091504 0.5408496732026143 0.4596949891067538
11 0.136437908496732 0.7854030501089324 0.21568627450980393 0.2222222222222222
11 0.7663398692810458 0.17538126361655773 0.41013071895424835 0.3159041394335512
11 0.14705882352941177 0.6241830065359477 0.1781045751633987 0.2701525054466231
11 0.21895424836601307 0.42919389978213507 0.21895424836601307 0.2679738562091503
11 0.2883986928104575 0.22875816993464052 0.2581699346405229 0.2962962962962963