11 0.5049019607843137 0.7169117647058824 0.738562091503268 0.5612745098039216
11 0.4215686274509804 0.4178921568627451 0.7728758169934641 0.6813725490196079
11 0.9044117647058824 0.5232843137254902 0.18790849673202614 0.32598039215686275
11 0.36437908496732024 0.24387254901960784 0.545751633986928 0.4877450980392157
11 0.3790849673202614 0.6605392156862745 0.6274509803921569 0.6740196078431373
11 0.21568627450980393 0.8125 0.24836601307189543 0.22549019607843138
11 0.7671568627450981 0.3480392156862745 0.4624183006535948 0.45098039215686275
11 0.6233660130718954 0.11642156862745098 0.24673202614379086 0.23284313725490197
11 0.19934640522875818 0.15441176470588236 0.3104575163398693 0.3088235294117647
11 0.08905228758169935 0.4411764705882353 0.1781045751633987 0.39705882352941174
11 0.18218954248366012 0.5281862745098039 0.36437908496732024 0.7181372549019608
11 0.1568627450980392 0.7683823529411765 0.3137254901960784 0.3014705882352941
11 0.7990196078431373 0.45588235294117646 0.3611111111111111 0.7083333333333334
11 0.880718954248366 0.803921568627451 0.20751633986928106 0.375
11 0.7344771241830066 0.9019607843137255 0.29248366013071897 0.19117647058823528