11 0.24836601307189543 0.49206349206349204 0.36764705882352944 0.3492063492063492
11 0.22140522875816993 0.2471655328798186 0.44281045751633985 0.42630385487528344
11 0.35294117647058826 0.4489795918367347 0.3055555555555556 0.7981859410430839
11 0.5392156862745098 0.15192743764172337 0.6078431372549019 0.30385487528344673
11 0.38480392156862747 0.32653061224489793 0.10784313725490197 0.15192743764172337
11 0.6462418300653595 0.30839002267573695 0.380718954248366 0.3673469387755102
11 0.16666666666666666 0.7369614512471655 0.3333333333333333 0.5215419501133787
11 0.42483660130718953 0.8718820861678005 0.3431372549019608 0.25170068027210885
11 0.23774509803921567 0.9750566893424036 0.26633986928104575 0.045351473922902494
11 0.5784313725490197 0.8571428571428571 0.31699346405228757 0.2811791383219955
11 0.7026143790849673 0.7709750566893424 0.3741830065359477 0.4331065759637188
11 0.9223856209150327 0.4943310657596372 0.15196078431372548 0.3945578231292517
11 0.9330065359477124 0.7517006802721088 0.13071895424836602 0.23809523809523808
11 0.6437908496732027 0.6167800453514739 0.2434640522875817 0.3219954648526077
11 0.16094771241830066 0.6507936507936508 0.3055555555555556 0.2471655328798186
11 0.48937908496732024 0.06575963718820861 0.2761437908496732 0.13151927437641722
11 0.8570261437908496 0.35714285714285715 0.27124183006535946 0.2199546485260771