11 0.5672371638141809 0.43218954248366015 0.6185819070904646 0.4150326797385621
11 0.35574572127139364 0.2949346405228758 0.4767726161369193 0.315359477124183
11 0.2701711491442543 0.23202614379084968 0.2665036674816626 0.18627450980392157
11 0.6063569682151589 0.11029411764705882 0.40097799511002447 0.22058823529411764
11 0.8325183374083129 0.238562091503268 0.33007334963325186 0.32679738562091504
11 0.8422982885085575 0.4493464052287582 0.3105134474327628 0.3464052287581699
11 0.7224938875305623 0.5612745098039216 0.2885085574572127 0.20098039215686275
11 0.45965770171149145 0.7638888888888888 0.36185819070904646 0.2565359477124183
11 0.5574572127139364 0.8218954248366013 0.24205378973105135 0.1568627450980392
11 0.6699266503667481 0.7205882352941176 0.33985330073349634 0.23366013071895425
11 0.17359413202933985 0.44607843137254904 0.20537897310513448 0.13725490196078433
11 0.29584352078239606 0.5187908496732027 0.2591687041564792 0.16993464052287582
11 0.28484107579462103 0.6168300653594772 0.5427872860635696 0.34967320261437906
11 0.5378973105134475 0.17320261437908496 0.3056234718826406 0.19281045751633988
11 0.6075794621026895 0.5433006535947712 0.16625916870415647 0.10947712418300654
11 0.5855745721271394 0.369281045751634 0.26894865525672373 0.1715686274509804
11 0.4352078239608802 0.38643790849673204 0.2469437652811736 0.15849673202614378
11 0.6466992665036675 0.04738562091503268 0.22249388753056235 0.09477124183006536
11 0.812958435207824 0.10049019607843138 0.2591687041564792 0.16176470588235295