12 0.5808823529411765 0.8492647058823529 0.23039215686274508 0.2965686274509804
12 0.45098039215686275 0.6924019607843137 0.2222222222222222 0.33578431372549017
12 0.32516339869281047 0.5196078431372549 0.22712418300653595 0.3431372549019608
12 0.29248366013071897 0.34068627450980393 0.2107843137254902 0.31862745098039214
12 0.3088235294117647 0.19607843137254902 0.19444444444444445 0.2867647058823529
12 0.3888888888888889 0.13725490196078433 0.22875816993464052 0.27450980392156865
12 0.4624183006535948 0.5024509803921569 0.2761437908496732 0.41911764705882354
12 0.6952614379084967 0.8296568627450981 0.18627450980392157 0.27205882352941174
12 0.5923202614379085 0.7230392156862745 0.2238562091503268 0.33578431372549017
12 0.7156862745098039 0.6544117647058824 0.25980392156862747 0.3897058823529412
12 0.5825163398692811 0.48651960784313725 0.25163398692810457 0.37745098039215685
12 0.4305555555555556 0.30514705882352944 0.2679738562091503 0.4019607843137255