11 0.46200980392156865 0.48937908496732024 0.6519607843137255 0.4297385620915033
11 0.04779411764705882 0.7279411764705882 0.08088235294117647 0.17483660130718953
11 0.3713235294117647 0.20669934640522875 0.7426470588235294 0.09313725490196079
11 0.7438725490196079 0.21895424836601307 0.48284313725490197 0.12745098039215685
11 0.6850490196078431 0.3472222222222222 0.6176470588235294 0.18137254901960784
11 0.8970588235294118 0.23366013071895425 0.18137254901960784 0.15522875816993464
11 0.4583333333333333 0.7491830065359477 0.5931372549019608 0.17973856209150327
11 0.17647058823529413 0.7753267973856209 0.26715686274509803 0.13398692810457516
11 0.12745098039215685 0.440359477124183 0.2549019607843137 0.15849673202614378
11 0.10416666666666667 0.2973856209150327 0.20833333333333334 0.14705882352941177
11 0.27941176470588236 0.4852941176470588 0.3088235294117647 0.16993464052287582
11 0.30514705882352944 0.3333333333333333 0.33578431372549017 0.16993464052287582
11 0.5122549019607843 0.5866013071895425 0.678921568627451 0.24019607843137256
11 0.8517156862745098 0.7573529411764706 0.2916666666666667 0.1454248366013072
11 0.8308823529411765 0.6062091503267973 0.3333333333333333 0.20588235294117646
11 0.866421568627451 0.44689542483660133 0.2647058823529412 0.1323529411764706
11 0.6997549019607843 0.3488562091503268 0.5882352941176471 0.1715686274509804