11 0.5155228758169934 0.5040567951318459 0.8006535947712419 0.6146044624746451
11 0.3374183006535948 0.6561866125760649 0.45751633986928103 0.5233265720081136
11 0.2426470588235294 0.7403651115618661 0.33986928104575165 0.4117647058823529
11 0.119281045751634 0.8073022312373225 0.238562091503268 0.17849898580121704
11 0.18627450980392157 0.6014198782961461 0.37254901960784315 0.59026369168357
11 0.24428104575163398 0.1389452332657201 0.19117647058823528 0.2778904665314402
11 0.6274509803921569 0.8722109533468559 0.22875816993464052 0.2515212981744422
11 0.5678104575163399 0.3174442190669371 0.3872549019607843 0.3488843813387424
11 0.6102941176470589 0.16835699797160245 0.39705882352941174 0.3367139959432049
11 0.5735294117647058 0.17849898580121704 0.5326797385620915 0.35699797160243407
11 0.6674836601307189 0.4432048681541582 0.28104575163398693 0.2961460446247465
11 0.7785947712418301 0.3580121703853955 0.4395424836601307 0.5943204868154158
11 0.3284313725490196 0.15314401622718052 0.32679738562091504 0.30628803245436104
11 0.40931372549019607 0.8427991886409736 0.39052287581699346 0.3103448275862069
11 0.4918300653594771 0.7697768762677485 0.2908496732026144 0.36511156186612576
11 0.4117647058823529 0.847870182555781 0.38235294117647056 0.3002028397565923
11 0.7508169934640523 0.907707910750507 0.1454248366013072 0.18052738336713997
11 0.6094771241830066 0.7231237322515213 0.3480392156862745 0.2535496957403651
11 0.7287581699346405 0.8843813387423936 0.15359477124183007 0.22718052738336714
11 0.8178104575163399 0.6014198782961461 0.19281045751633988 0.22515212981744423