7 0.45751633986928103 0.5220588235294118 0.27941176470588236 0.45098039215686275
7 0.2246732026143791 0.3897058823529412 0.34477124183006536 0.5735294117647058
7 0.3235294117647059 0.061274509803921566 0.2581699346405229 0.12254901960784313
7 0.4199346405228758 0.12990196078431374 0.24509803921568626 0.25980392156862747
7 0.5555555555555556 0.22916666666666666 0.21568627450980393 0.3431372549019608
7 0.6470588235294118 0.35784313725490197 0.21895424836601307 0.35294117647058826
7 0.7679738562091504 0.4632352941176471 0.22712418300653595 0.35784313725490197
7 0.8758169934640523 0.616421568627451 0.24509803921568626 0.39950980392156865
7 0.5187908496732027 0.7009803921568627 0.24183006535947713 0.3872549019607843
7 0.33251633986928103 0.5392156862745098 0.27450980392156865 0.4534313725490196
7 0.10294117647058823 0.28799019607843135 0.20588235294117646 0.4485294117647059
7 0.10620915032679738 0.4215686274509804 0.21241830065359477 0.39215686274509803
7 0.2181372549019608 0.6507352941176471 0.20098039215686275 0.3112745098039216
7 0.35947712418300654 0.8026960784313726 0.2222222222222222 0.34068627450980393
7 0.47058823529411764 0.8897058823529411 0.21568627450980393 0.21568627450980393
7 0.6323529411764706 0.7941176470588235 0.2777777777777778 0.4068627450980392
7 0.7418300653594772 0.8737745098039216 0.2973856209150327 0.24754901960784315
7 0.8831699346405228 0.803921568627451 0.23039215686274508 0.37745098039215685
7 0.7753267973856209 0.6274509803921569 0.2107843137254902 0.3480392156862745
7 0.6601307189542484 0.5 0.2173202614379085 0.3553921568627451
7 0.45016339869281047 0.22916666666666666 0.23039215686274508 0.375
7 0.2042483660130719 0.07475490196078431 0.19281045751633988 0.14950980392156862
7 0.30637254901960786 0.14583333333333334 0.22712418300653595 0.2916666666666667
7 0.6119281045751634 0.9375 0.2434640522875817 0.12009803921568628