11 0.3047385620915033 0.8174019607843137 0.34967320261437906 0.3602941176470588
11 0.21323529411764705 0.7610294117647058 0.2957516339869281 0.3235294117647059
11 0.21650326797385622 0.42892156862745096 0.184640522875817 0.37254901960784315
11 0.3790849673202614 0.7132352941176471 0.49019607843137253 0.5686274509803921
11 0.3333333333333333 0.2610294117647059 0.3333333333333333 0.5220588235294118
11 0.5261437908496732 0.7205882352941176 0.5032679738562091 0.553921568627451
11 0.6013071895424836 0.7022058823529411 0.4673202614379085 0.5906862745098039
11 0.41421568627450983 0.2549019607843137 0.44281045751633985 0.5098039215686274
11 0.4934640522875817 0.2340686274509804 0.45751633986928103 0.4681372549019608
11 0.6830065359477124 0.6997549019607843 0.32516339869281047 0.5465686274509803
11 0.7524509803921569 0.6151960784313726 0.24019607843137256 0.47058823529411764
11 0.6176470588235294 0.20220588235294118 0.4019607843137255 0.40441176470588236
11 0.7524509803921569 0.19240196078431374 0.27941176470588236 0.2818627450980392
11 0.8447712418300654 0.4485294117647059 0.11437908496732026 0.25
11 0.8366013071895425 0.2181372549019608 0.2042483660130719 0.19362745098039216