11 0.7214052287581699 0.3321995464852608 0.369281045751634 0.5011337868480725
11 0.8080065359477124 0.5056689342403629 0.380718954248366 0.6530612244897959
11 0.6454248366013072 0.4421768707482993 0.511437908496732 0.7324263038548753
11 0.6111111111111112 0.7562358276643991 0.5424836601307189 0.48299319727891155
11 0.6625816993464052 0.5702947845804989 0.12745098039215685 0.17687074829931973
11 0.44281045751633985 0.7517006802721088 0.38562091503267976 0.49206349206349204
11 0.6936274509803921 0.17346938775510204 0.44281045751633985 0.3469387755102041
11 0.41830065359477125 0.16326530612244897 0.3464052287581699 0.32653061224489793
11 0.29901960784313725 0.23129251700680273 0.31862745098039214 0.43537414965986393
11 0.22630718954248366 0.4036281179138322 0.4068627450980392 0.5578231292517006
11 0.12990196078431374 0.8072562358276644 0.25980392156862747 0.38095238095238093
11 0.05800653594771242 0.608843537414966 0.11601307189542484 0.30158730158730157
11 0.3333333333333333 0.4988662131519274 0.28104575163398693 0.3900226757369615
11 0.7401960784313726 0.1655328798185941 0.2908496732026144 0.3310657596371882
11 0.6748366013071896 0.86281179138322 0.24183006535947713 0.2698412698412698
11 0.2426470588235294 0.8480725623582767 0.25980392156862747 0.29931972789115646