11 0.5110294117647058 0.5269607843137255 0.8823529411764706 0.5882352941176471
11 0.9240196078431373 0.8341503267973857 0.14705882352941177 0.18137254901960784
11 0.7598039215686274 0.8986928104575164 0.3431372549019608 0.19934640522875818
11 0.3394607843137255 0.7687908496732027 0.678921568627451 0.4591503267973856
11 0.11887254901960784 0.5334967320261438 0.23774509803921567 0.34477124183006536
11 0.24877450980392157 0.43300653594771243 0.49754901960784315 0.5490196078431373
11 0.7671568627450981 0.369281045751634 0.46078431372549017 0.4084967320261438
11 0.9325980392156863 0.5016339869281046 0.12990196078431374 0.21568627450980393
11 0.7132352941176471 0.7777777777777778 0.4362745098039216 0.3055555555555556
11 0.5612745098039216 0.869281045751634 0.4019607843137255 0.2581699346405229
11 0.6188725490196079 0.625 0.38235294117647056 0.25980392156862747
11 0.42401960784313725 0.7050653594771242 0.39705882352941174 0.27124183006535946
11 0.5943627450980392 0.440359477124183 0.6887254901960784 0.4852941176470588
11 0.5674019607843137 0.14297385620915032 0.375 0.26143790849673204
11 0.3860294117647059 0.23284313725490197 0.5 0.34477124183006536
11 0.18259803921568626 0.31209150326797386 0.36519607843137253 0.27124183006535946
11 0.23774509803921567 0.42401960784313725 0.47549019607843135 0.5277777777777778
11 0.27818627450980393 0.1184640522875817 0.375 0.2369281045751634