5 0.5647410358565738 0.6568627450980392 0.7290836653386454 0.4395424836601307
5 0.6115537848605578 0.8137254901960784 0.4900398406374502 0.32516339869281047
5 0.2788844621513944 0.6348039215686274 0.4641434262948207 0.3022875816993464
5 0.16334661354581673 0.5236928104575164 0.32669322709163345 0.5049019607843137
5 0.07071713147410359 0.5637254901960784 0.14143426294820718 0.3366013071895425
5 0.5209163346613546 0.184640522875817 0.6832669322709163 0.369281045751634
5 0.48406374501992033 0.2099673202614379 0.6653386454183267 0.4199346405228758
5 0.7370517928286853 0.3570261437908497 0.5219123505976095 0.5016339869281046
5 0.7798804780876494 0.40604575163398693 0.4362549800796813 0.380718954248366
5 0.6185258964143426 0.4950980392156863 0.7589641434262948 0.4803921568627451
5 0.5338645418326693 0.8529411764705882 0.5418326693227091 0.2908496732026144