11 0.6127450980392157 0.19117647058823528 0.41830065359477125 0.38235294117647056
11 0.5441176470588235 0.2034313725490196 0.3464052287581699 0.4068627450980392
11 0.6584967320261438 0.4105392156862745 0.21568627450980393 0.34068627450980393
11 0.7344771241830066 0.35294117647058826 0.4493464052287582 0.6151960784313726
11 0.4910130718954248 0.5110294117647058 0.7630718954248366 0.9730392156862745
11 0.4305555555555556 0.06495098039215687 0.2238562091503268 0.12990196078431374
11 0.4076797385620915 0.4950980392156863 0.6781045751633987 0.9901960784313726
11 0.5563725490196079 0.8333333333333334 0.3415032679738562 0.3284313725490196
11 0.4158496732026144 0.8026960784313726 0.29901960784313725 0.3897058823529412
11 0.29411764705882354 0.42401960784313725 0.35947712418300654 0.5318627450980392
11 0.20588235294117646 0.6360294117647058 0.2957516339869281 0.38235294117647056
11 0.3104575163398693 0.8529411764705882 0.20261437908496732 0.24019607843137256
11 0.238562091503268 0.6887254901960784 0.3937908496732026 0.5024509803921569
11 0.9199346405228758 0.3860294117647059 0.0784313725490196 0.14460784313725492
11 0.7475490196078431 0.5416666666666666 0.1830065359477124 0.2426470588235294