7 0.8366013071895425 0.4117647058823529 0.3235294117647059 0.5010893246187363
7 0.5571895424836601 0.6252723311546841 0.4035947712418301 0.6623093681917211
7 0.3292483660130719 0.6198257080610022 0.4624183006535948 0.6884531590413944
7 0.19934640522875818 0.43137254901960786 0.39869281045751637 0.7538126361655774
7 0.2540849673202614 0.724400871459695 0.23366013071895425 0.35076252723311546
7 0.3464052287581699 0.23311546840958605 0.39215686274509803 0.4662309368191721
7 0.41748366013071897 0.18191721132897604 0.29248366013071897 0.3638344226579521
7 0.5490196078431373 0.2766884531590414 0.369281045751634 0.5533769063180828
7 0.4550653594771242 0.8954248366013072 0.23039215686274508 0.2047930283224401
7 0.6830065359477124 0.724400871459695 0.38235294117647056 0.5468409586056645
7 0.7254901960784313 0.275599128540305 0.2581699346405229 0.38562091503267976