11 0.2785947712418301 0.6354679802955665 0.4869281045751634 0.6182266009852216
11 0.2630718954248366 0.4458128078817734 0.16993464052287582 0.2832512315270936
11 0.3276143790849673 0.3460591133004926 0.1568627450980392 0.458128078817734
11 0.5138888888888888 0.24876847290640394 0.27450980392156865 0.3251231527093596
11 0.5547385620915033 0.41995073891625617 0.1323529411764706 0.3103448275862069
11 0.41830065359477125 0.5036945812807881 0.21568627450980393 0.43103448275862066
11 0.6029411764705882 0.3682266009852217 0.21405228758169934 0.19458128078817735
11 0.5661764705882353 0.5541871921182266 0.3415032679738562 0.47044334975369456
11 0.5465686274509803 0.7487684729064039 0.15196078431372548 0.4236453201970443
11 0.6593137254901961 0.7610837438423645 0.20261437908496732 0.4458128078817734
11 0.7393790849673203 0.6009852216748769 0.20098039215686275 0.30049261083743845