4 0.571078431372549 0.22916666666666666 0.3349673202614379 0.4583333333333333
4 0.6862745098039216 0.34191176470588236 0.24836601307189543 0.4411764705882353
4 0.42401960784313725 0.6262254901960784 0.36764705882352944 0.48284313725490197
4 0.6388888888888888 0.7647058823529411 0.2908496732026144 0.46568627450980393
4 0.21405228758169934 0.2916666666666667 0.33169934640522875 0.5833333333333334
4 0.35947712418300654 0.1875 0.3660130718954248 0.375
4 0.8839869281045751 0.8002450980392157 0.2042483660130719 0.3700980392156863
4 0.5645424836601307 0.22303921568627452 0.3415032679738562 0.44607843137254904
4 0.11356209150326797 0.6078431372549019 0.22712418300653595 0.44607843137254904
4 0.3145424836601307 0.6311274509803921 0.3562091503267974 0.4485294117647059
4 0.559640522875817 0.866421568627451 0.31862745098039214 0.2622549019607843
4 0.815359477124183 0.9338235294117647 0.20915032679738563 0.12745098039215685
4 0.7197712418300654 0.5735294117647058 0.2630718954248366 0.30392156862745096
4 0.12745098039215685 0.23651960784313725 0.2549019607843137 0.4730392156862745
4 0.20833333333333334 0.03431372549019608 0.2173202614379085 0.06862745098039216