11 0.5718954248366013 0.1323529411764706 0.38562091503267976 0.2647058823529412
11 0.5860566448801743 0.5620915032679739 0.8235294117647058 0.6601307189542484
11 0.8562091503267973 0.45179738562091504 0.28322440087145967 0.3741830065359477
11 0.43681917211328974 0.1772875816993464 0.2984749455337691 0.22875816993464052
11 0.2647058823529412 0.3937908496732026 0.5294117647058824 0.5392156862745098
11 0.5588235294117647 0.2826797385620915 0.690631808278867 0.5163398692810458
11 0.6982570806100218 0.6478758169934641 0.599128540305011 0.4526143790849673
11 0.23420479302832245 0.5612745098039216 0.4684095860566449 0.3709150326797386
11 0.3671023965141612 0.6674836601307189 0.5163398692810458 0.37745098039215685
11 0.3747276688453159 0.8333333333333334 0.27450980392156865 0.2042483660130719
11 0.46078431372549017 0.9052287581699346 0.289760348583878 0.18627450980392157
11 0.030501089324618737 0.47875816993464054 0.06100217864923747 0.19934640522875818