7 0.3006535947712418 0.2093425605536332 0.3202614379084967 0.35294117647058826
7 0.3382352941176471 0.1522491349480969 0.29411764705882354 0.3044982698961938
7 0.37336601307189543 0.25259515570934254 0.3006535947712418 0.314878892733564
7 0.7320261437908496 0.36591695501730104 0.3709150326797386 0.3408304498269896
7 0.8284313725490197 0.4731833910034602 0.33986928104575165 0.3754325259515571
7 0.7377450980392157 0.4333910034602076 0.3611111111111111 0.33391003460207613
7 0.42483660130718953 0.7716262975778547 0.2434640522875817 0.27162629757785467
7 0.4852941176470588 0.8226643598615917 0.24509803921568626 0.3044982698961938
7 0.5465686274509803 0.8555363321799307 0.20915032679738563 0.2577854671280277
7 0.5334967320261438 0.8953287197231834 0.18137254901960784 0.20588235294117646
7 0.12745098039215685 0.6055363321799307 0.238562091503268 0.27162629757785467
7 0.15849673202614378 0.4801038062283737 0.24836601307189543 0.2958477508650519
7 0.25163398692810457 0.6089965397923875 0.2581699346405229 0.3027681660899654