11 0.5106209150326797 0.6481481481481481 0.3790849673202614 0.5337690631808278
11 0.1576797385620915 0.41830065359477125 0.315359477124183 0.49673202614379086
11 0.19526143790849673 0.7167755991285403 0.39052287581699346 0.5620915032679739
11 0.14297385620915032 0.5740740740740741 0.28594771241830064 0.5381263616557734
11 0.2581699346405229 0.5468409586056645 0.380718954248366 0.5403050108932462
11 0.2508169934640523 0.8801742919389978 0.20751633986928106 0.23529411764705882
11 0.3349673202614379 0.46187363834422657 0.38562091503267976 0.5947712418300654
11 0.35130718954248363 0.43899782135076254 0.2777777777777778 0.3572984749455338
11 0.22549019607843138 0.22766884531590414 0.17320261437908496 0.22004357298474944
11 0.17401960784313725 0.4150326797385621 0.23366013071895425 0.3202614379084967
11 0.37745098039215685 0.11546840958605664 0.21895424836601307 0.23093681917211328
11 0.6102941176470589 0.08387799564270153 0.26633986928104575 0.16775599128540306
11 0.7696078431372549 0.11655773420479303 0.2581699346405229 0.23311546840958605
11 0.6217320261437909 0.23965141612200436 0.36437908496732024 0.39651416122004357
11 0.7679738562091504 0.2701525054466231 0.3333333333333333 0.3790849673202614
11 0.6715686274509803 0.5784313725490197 0.3202614379084967 0.3812636165577342
11 0.6266339869281046 0.8115468409586056 0.22875816993464052 0.27233115468409586
11 0.7851307189542484 0.7156862745098039 0.39869281045751637 0.44880174291938996
11 0.8651960784313726 0.4662309368191721 0.26633986928104575 0.33986928104575165
11 0.9052287581699346 0.5403050108932462 0.18627450980392157 0.3747276688453159
11 0.3611111111111111 0.9259259259259259 0.3431372549019608 0.1437908496732026
11 0.36437908496732024 0.8779956427015251 0.2647058823529412 0.23965141612200436
11 0.23284313725490197 0.9498910675381264 0.14869281045751634 0.09586056644880174
11 0.5498366013071896 0.1906318082788671 0.184640522875817 0.2222222222222222
11 0.48284313725490197 0.5130718954248366 0.20751633986928106 0.3115468409586057