11 0.8709150326797386 0.4622093023255814 0.20915032679738563 0.39825581395348836
11 0.8194444444444444 0.2747093023255814 0.1503267973856209 0.4476744186046512
11 0.7263071895424836 0.4316860465116279 0.14869281045751634 0.688953488372093
11 0.6021241830065359 0.5944767441860465 0.14052287581699346 0.5465116279069767
11 0.6421568627450981 0.40261627906976744 0.13398692810457516 0.6627906976744186
11 0.5408496732026143 0.6453488372093024 0.1568627450980392 0.5261627906976745
11 0.4950980392156863 0.3125 0.12091503267973856 0.27906976744186046
11 0.4256535947712418 0.563953488372093 0.17973856209150327 0.6947674418604651
11 0.33251633986928103 0.5668604651162791 0.14052287581699346 0.5726744186046512
11 0.20098039215686275 0.6046511627906976 0.20261437908496732 0.6162790697674418
11 0.13562091503267973 0.46511627906976744 0.1503267973856209 0.47674418604651164
11 0.27532679738562094 0.5188953488372093 0.08986928104575163 0.32848837209302323