11 0.28431372549019607 0.6617647058823529 0.5686274509803921 0.3954248366013072
11 0.22440087145969498 0.37336601307189543 0.44880174291938996 0.4395424836601307
11 0.39106753812636164 0.34477124183006536 0.4531590413943355 0.6127450980392157
11 0.7668845315904139 0.3006535947712418 0.46187363834422657 0.5915032679738562
11 0.7766884531590414 0.47875816993464054 0.4422657952069717 0.5065359477124183
11 0.826797385620915 0.6233660130718954 0.3442265795206972 0.2679738562091503
11 0.840958605664488 0.8080065359477124 0.2570806100217865 0.12908496732026145
11 0.5359477124183006 0.7050653594771242 0.46405228758169936 0.20915032679738563
11 0.18845315904139434 0.7777777777777778 0.3769063180827887 0.22875816993464052
11 0.210239651416122 0.9354575163398693 0.19172113289760348 0.09967320261437909
11 0.3562091503267974 0.9338235294117647 0.13507625272331156 0.12254901960784313
11 0.5424836601307189 0.928921568627451 0.27450980392156865 0.10457516339869281
11 0.5925925925925926 0.8880718954248366 0.19825708061002179 0.09640522875816994
11 0.7962962962962963 0.8684640522875817 0.32679738562091504 0.08006535947712418
11 0.1906318082788671 0.09068627450980392 0.30718954248366015 0.18137254901960784
11 0.545751633986928 0.18218954248366012 0.2374727668845316 0.36437908496732024
11 0.8420479302832244 0.9591503267973857 0.22004357298474944 0.0784313725490196