7 0.6045751633986928 0.883578431372549 0.434640522875817 0.22794117647058823
7 0.6977124183006536 0.8088235294117647 0.4084967320261438 0.37745098039215685
7 0.7769607843137255 0.6727941176470589 0.44281045751633985 0.5857843137254902
7 0.8423202614379085 0.4387254901960784 0.31209150326797386 0.5245098039215687
7 0.4616013071895425 0.625 0.5506535947712419 0.7009803921568627
7 0.19117647058823528 0.6752450980392157 0.38235294117647056 0.5024509803921569
7 0.23529411764705882 0.5674019607843137 0.042483660130718956 0.056372549019607844
7 0.14624183006535948 0.5257352941176471 0.29248366013071897 0.4730392156862745
7 0.14052287581699346 0.3235294117647059 0.28104575163398693 0.4068627450980392
7 0.2312091503267974 0.1801470588235294 0.3284313725490196 0.3602941176470588
7 0.3243464052287582 0.09436274509803921 0.34477124183006536 0.18872549019607843
7 0.5923202614379085 0.16666666666666666 0.3872549019607843 0.3333333333333333
7 0.5253267973856209 0.3700980392156863 0.4542483660130719 0.5735294117647058
7 0.4714052287581699 0.8455882352941176 0.380718954248366 0.30392156862745096