7 0.8120915032679739 0.7107843137254902 0.37254901960784315 0.4117647058823529
7 0.8047385620915033 0.5 0.3872549019607843 0.39705882352941174
7 0.761437908496732 0.2757352941176471 0.4477124183006536 0.46568627450980393
7 0.7083333333333334 0.10294117647058823 0.4166666666666667 0.20588235294117646
7 0.5416666666666666 0.6225490196078431 0.5604575163398693 0.5465686274509803
7 0.38643790849673204 0.9117647058823529 0.4591503267973856 0.1715686274509804
7 0.37254901960784315 0.8541666666666666 0.042483660130718956 0.04411764705882353
7 0.2687908496732026 0.9007352941176471 0.3872549019607843 0.19362745098039216
7 0.17973856209150327 0.8272058823529411 0.2908496732026144 0.33578431372549017
7 0.1527777777777778 0.5968137254901961 0.3055555555555556 0.36519607843137253
7 0.1388888888888889 0.3762254901960784 0.2777777777777778 0.375
7 0.34558823529411764 0.16053921568627452 0.4035947712418301 0.32107843137254904
7 0.44689542483660133 0.3909313725490196 0.46568627450980393 0.4411764705882353
7 0.7116013071895425 0.8026960784313726 0.3839869281045752 0.37745098039215685