11 0.24428104575163398 0.8616557734204793 0.20098039215686275 0.27233115468409586
11 0.20506535947712418 0.5871459694989106 0.16339869281045752 0.2374727668845316
11 0.25980392156862747 0.2549019607843137 0.3382352941176471 0.4662309368191721
11 0.4795751633986928 0.8474945533769063 0.34477124183006536 0.3006535947712418
11 0.39133986928104575 0.9411764705882353 0.3055555555555556 0.11328976034858387
11 0.6094771241830066 0.579520697167756 0.40032679738562094 0.33769063180827885
11 0.4616013071895425 0.4596949891067538 0.37745098039215685 0.3485838779956427
11 0.4722222222222222 0.28431372549019607 0.5343137254901961 0.5381263616557734
11 0.4264705882352941 0.10893246187363835 0.15359477124183007 0.2178649237472767
11 0.1781045751633987 0.1644880174291939 0.1781045751633987 0.2636165577342048
11 0.6372549019607843 0.9411764705882353 0.2679738562091503 0.11328976034858387
11 0.7148692810457516 0.8366013071895425 0.3872549019607843 0.3159041394335512
11 0.7589869281045751 0.6775599128540305 0.2777777777777778 0.2374727668845316
11 0.7344771241830066 0.355119825708061 0.27124183006535946 0.2657952069716776
11 0.7254901960784313 0.1721132897603486 0.26633986928104575 0.3333333333333333
11 0.7434640522875817 0.07407407407407407 0.20915032679738563 0.14814814814814814
11 0.6691176470588235 0.04030501089324619 0.28921568627450983 0.08061002178649238
11 0.5645424836601307 0.07625272331154684 0.23039215686274508 0.15250544662309368
11 0.34967320261437906 0.04139433551198257 0.14215686274509803 0.06535947712418301
11 0.2565359477124183 0.05664488017429194 0.09477124183006536 0.06318082788671024
11 0.7434640522875817 0.9259259259259259 0.25326797385620914 0.11546840958605664