11 0.5448113207547169 0.6862745098039216 0.6533018867924528 0.2908496732026144
11 0.33372641509433965 0.7263071895424836 0.6627358490566038 0.25326797385620914
11 0.13797169811320756 0.7777777777777778 0.2641509433962264 0.12581699346405228
11 0.16627358490566038 0.5392156862745098 0.33254716981132076 0.17320261437908496
11 0.12735849056603774 0.46405228758169936 0.25471698113207547 0.12418300653594772
11 0.19221698113207547 0.3545751633986928 0.38443396226415094 0.1895424836601307
11 0.20400943396226415 0.2589869281045752 0.4080188679245283 0.12581699346405228
11 0.2429245283018868 0.2173202614379085 0.4858490566037736 0.12745098039215685
11 0.8278301886792453 0.7900326797385621 0.33962264150943394 0.11274509803921569
11 0.8785377358490566 0.7598039215686274 0.23820754716981132 0.16993464052287582
11 0.8183962264150944 0.6650326797385621 0.3584905660377358 0.21241830065359477
11 0.6167452830188679 0.5008169934640523 0.7617924528301887 0.19117647058823528
11 0.9304245283018868 0.6127450980392157 0.13443396226415094 0.07516339869281045
11 0.9209905660377359 0.5016339869281046 0.15566037735849056 0.09967320261437909
11 0.5070754716981132 0.3700980392156863 0.7193396226415094 0.2222222222222222
11 0.7110849056603774 0.3660130718954248 0.5731132075471698 0.25326797385620914
11 0.8113207547169812 0.28104575163398693 0.36556603773584906 0.16339869281045752
11 0.8231132075471698 0.19444444444444445 0.33726415094339623 0.09313725490196079
11 0.5436320754716981 0.1977124183006536 0.1792452830188679 0.0915032679738562