11 0.8562091503267973 0.7696078431372549 0.2549019607843137 0.4411764705882353
11 0.7679738562091504 0.8316993464052288 0.3289760348583878 0.32189542483660133
11 0.5664488017429193 0.6919934640522876 0.30718954248366015 0.6143790849673203
11 0.41938997821350765 0.7271241830065359 0.25925925925925924 0.5424836601307189
11 0.22766884531590414 0.8447712418300654 0.25925925925925924 0.30718954248366015
11 0.07080610021786492 0.9264705882352942 0.12418300653594772 0.1437908496732026
11 0.1655773420479303 0.5604575163398693 0.3311546840958606 0.3562091503267974
11 0.7777777777777778 0.35375816993464054 0.4400871459694989 0.5898692810457516
11 0.8867102396514162 0.08823529411764706 0.16122004357298475 0.17647058823529413
11 0.6775599128540305 0.031862745098039214 0.0784313725490196 0.06372549019607843
11 0.4793028322440087 0.06862745098039216 0.23529411764705882 0.13725490196078433
11 0.5631808278867102 0.3472222222222222 0.41612200435729846 0.5081699346405228
11 0.5697167755991286 0.6919934640522876 0.31808278867102396 0.6143790849673203
11 0.15577342047930284 0.3480392156862745 0.20261437908496732 0.43790849673202614
11 0.2962962962962963 0.22794117647058823 0.3333333333333333 0.45588235294117646
11 0.9095860566448801 0.28921568627450983 0.17429193899782136 0.29411764705882354