12 0.6568627450980392 0.2531446540880503 0.14869281045751634 0.330188679245283
12 0.6037581699346405 0.16823899371069181 0.19444444444444445 0.33647798742138363
12 0.5661764705882353 0.10377358490566038 0.19444444444444445 0.20754716981132076
12 0.4991830065359477 0.2751572327044025 0.25 0.48742138364779874
12 0.5106209150326797 0.4481132075471698 0.22549019607843138 0.44025157232704404
12 0.5825163398692811 0.5078616352201258 0.16339869281045752 0.3553459119496855
12 0.4027777777777778 0.5738993710691824 0.2549019607843137 0.49056603773584906
12 0.35130718954248363 0.8191823899371069 0.2042483660130719 0.3113207547169811
12 0.4534313725490196 0.9418238993710691 0.10947712418300654 0.11006289308176101
12 0.4207516339869281 0.7452830188679245 0.22875816993464052 0.4308176100628931
12 0.49673202614379086 0.789308176100629 0.16666666666666666 0.36477987421383645
12 0.5604575163398693 0.7389937106918238 0.14052287581699346 0.3081761006289308