7 0.5318627450980392 0.571078431372549 0.4166666666666667 0.33088235294117646
7 0.2687908496732026 0.8884803921568627 0.17320261437908496 0.15196078431372548
7 0.5612745098039216 0.803921568627451 0.34477124183006536 0.3872549019607843
7 0.6723856209150327 0.8786764705882353 0.2630718954248366 0.23774509803921567
7 0.7647058823529411 0.7230392156862745 0.12418300653594772 0.2965686274509804
7 0.5825163398692811 0.3946078431372549 0.38235294117647056 0.37745098039215685
7 0.3047385620915033 0.7291666666666666 0.21568627450980393 0.2769607843137255
7 0.16830065359477125 0.8284313725490197 0.10620915032679738 0.19607843137254902
7 0.20915032679738563 0.6041666666666666 0.14705882352941177 0.3235294117647059
7 0.28594771241830064 0.4424019607843137 0.18137254901960784 0.19607843137254902
7 0.2777777777777778 0.3284313725490196 0.21895424836601307 0.35049019607843135
7 0.7328431372549019 0.5257352941176471 0.21241830065359477 0.35294117647058826
7 0.7426470588235294 0.28431372549019607 0.22712418300653595 0.25980392156862747
7 0.6200980392156863 0.20955882352941177 0.3545751633986928 0.41911764705882354
7 0.47630718954248363 0.1409313725490196 0.4133986928104575 0.2818627450980392