7 0.6217320261437909 0.1652249134948097 0.26633986928104575 0.24048442906574394
7 0.7026143790849673 0.15657439446366783 0.27450980392156865 0.20069204152249134
7 0.6266339869281046 0.25259515570934254 0.2222222222222222 0.2422145328719723
7 0.7328431372549019 0.6332179930795848 0.19281045751633988 0.3494809688581315
7 0.7099673202614379 0.7932525951557093 0.2434640522875817 0.3235294117647059
7 0.6821895424836601 0.6747404844290658 0.19117647058823528 0.3391003460207612
7 0.24428104575163398 0.5813148788927336 0.2042483660130719 0.18166089965397925
7 0.2361111111111111 0.6626297577854672 0.26143790849673204 0.14878892733564014
7 0.2434640522875817 0.7352941176470589 0.2173202614379085 0.1314878892733564
7 0.1977124183006536 0.75 0.1895424836601307 0.11072664359861592
7 0.21405228758169934 0.22664359861591696 0.21241830065359477 0.1695501730103806
7 0.3292483660130719 0.18598615916955016 0.2434640522875817 0.1643598615916955
7 0.2777777777777778 0.3382352941176471 0.24509803921568626 0.17474048442906576