7 0.7859477124183006 0.5098039215686274 0.37254901960784315 0.5686274509803921
7 0.9501633986928104 0.40931372549019607 0.09640522875816994 0.28921568627450983
7 0.8823529411764706 0.17401960784313725 0.22875816993464052 0.3480392156862745
7 0.7026143790849673 0.05024509803921569 0.2875816993464052 0.10049019607843138
7 0.6576797385620915 0.17401960784313725 0.3611111111111111 0.3480392156862745
7 0.5367647058823529 0.21446078431372548 0.36437908496732024 0.42892156862745096
7 0.42320261437908496 0.2818627450980392 0.39869281045751637 0.5637254901960784
7 0.4795751633986928 0.4791666666666667 0.434640522875817 0.6838235294117647
7 0.7483660130718954 0.6409313725490197 0.2434640522875817 0.3627450980392157
7 0.46977124183006536 0.7720588235294118 0.31209150326797386 0.45098039215686275
7 0.6625816993464052 0.8137254901960784 0.17320261437908496 0.2647058823529412
7 0.7352941176470589 0.7291666666666666 0.19281045751633988 0.2867647058823529
7 0.25326797385620914 0.758578431372549 0.24509803921568626 0.38480392156862747
7 0.21568627450980393 0.49754901960784315 0.28104575163398693 0.46078431372549017
7 0.12745098039215685 0.7377450980392157 0.2434640522875817 0.37254901960784315