11 0.4934640522875817 0.2857142857142857 0.49019607843137253 0.5714285714285714
11 0.6397058823529411 0.20689655172413793 0.2238562091503268 0.33004926108374383
11 0.6691176470588235 0.33866995073891626 0.3055555555555556 0.39655172413793105
11 0.6421568627450981 0.6317733990147784 0.29411764705882354 0.46798029556650245
11 0.5228758169934641 0.6096059113300493 0.21895424836601307 0.29802955665024633
11 0.5351307189542484 0.3879310344827586 0.3202614379084967 0.45073891625615764
11 0.5310457516339869 0.6982758620689655 0.19934640522875818 0.3374384236453202
11 0.43790849673202614 0.5640394088669951 0.39869281045751637 0.6133004926108374
11 0.33169934640522875 0.45073891625615764 0.28594771241830064 0.37438423645320196
11 0.272875816993464 0.5960591133004927 0.3202614379084967 0.4433497536945813
11 0.3341503267973856 0.7733990147783252 0.24509803921568626 0.3669950738916256