11 0.2806372549019608 0.4084967320261438 0.28921568627450983 0.5359477124183006
11 0.15808823529411764 0.34395424836601307 0.2769607843137255 0.4199346405228758
11 0.6936274509803921 0.24509803921568626 0.4583333333333333 0.3300653594771242
11 0.5735294117647058 0.3047385620915033 0.22303921568627452 0.25980392156862747
11 0.3897058823529412 0.5130718954248366 0.31862745098039214 0.47549019607843135
11 0.23651960784313725 0.571078431372549 0.4730392156862745 0.32189542483660133
11 0.3014705882352941 0.6601307189542484 0.3382352941176471 0.315359477124183
11 0.09558823529411764 0.7263071895424836 0.19117647058823528 0.2761437908496732
11 0.17647058823529413 0.7622549019607843 0.35294117647058826 0.4199346405228758
11 0.43014705882352944 0.8529411764705882 0.22794117647058823 0.2908496732026144
11 0.2928921568627451 0.9093137254901961 0.11764705882352941 0.14705882352941177
11 0.7401960784313726 0.5702614379084967 0.35294117647058826 0.5310457516339869
11 0.6397058823529411 0.4493464052287582 0.2426470588235294 0.3937908496732026
11 0.9019607843137255 0.3709150326797386 0.19117647058823528 0.16339869281045752