11 0.586046511627907 0.670751633986928 0.3627906976744186 0.23039215686274508
11 0.6604651162790698 0.6911764705882353 0.26976744186046514 0.15196078431372548
11 0.6627906976744186 0.6380718954248366 0.3488372093023256 0.16993464052287582
11 0.7593023255813953 0.619281045751634 0.3930232558139535 0.1568627450980392
11 0.6779069767441861 0.559640522875817 0.2837209302325581 0.11764705882352941
11 0.7744186046511627 0.5081699346405228 0.38372093023255816 0.16666666666666666
11 0.7651162790697674 0.43137254901960786 0.413953488372093 0.2434640522875817
11 0.6558139534883721 0.36764705882352944 0.30465116279069765 0.23202614379084968
11 0.7523255813953489 0.37173202614379086 0.3744186046511628 0.2565359477124183
11 0.813953488372093 0.3700980392156863 0.3116279069767442 0.21895424836601307
11 0.8 0.4534313725490196 0.3186046511627907 0.16339869281045752
11 0.7755813953488372 0.6642156862745098 0.2813953488372093 0.10457516339869281
11 0.8104651162790698 0.5620915032679739 0.3558139534883721 0.13398692810457516
11 0.8406976744186047 0.5326797385620915 0.313953488372093 0.1437908496732026
11 0.7604651162790698 0.505718954248366 0.35348837209302325 0.16013071895424835