7 0.5236928104575164 0.4424019607843137 0.16176470588235295 0.39950980392156865
7 0.7598039215686274 0.32598039215686275 0.17483660130718953 0.5441176470588235
7 0.8782679738562091 0.7806372549019608 0.184640522875817 0.2965686274509804
7 0.7426470588235294 0.758578431372549 0.16830065359477125 0.29411764705882354
7 0.571078431372549 0.7622549019607843 0.12908496732026145 0.29901960784313725
7 0.4452614379084967 0.7487745098039216 0.12745098039215685 0.3137254901960784
7 0.30718954248366015 0.7806372549019608 0.1437908496732026 0.29901960784313725
7 0.1576797385620915 0.7671568627450981 0.1454248366013072 0.3480392156862745
7 0.4011437908496732 0.36151960784313725 0.1437908496732026 0.3382352941176471
7 0.6143790849673203 0.3112745098039216 0.14869281045751634 0.4166666666666667
7 0.9240196078431373 0.25857843137254904 0.14705882352941177 0.4117647058823529
7 0.8496732026143791 0.18137254901960784 0.12091503267973856 0.3627450980392157
7 0.9632352941176471 0.08455882352941177 0.05718954248366013 0.16911764705882354
7 0.6560457516339869 0.12254901960784313 0.13562091503267973 0.24509803921568626
7 0.48284313725490197 0.1323529411764706 0.15522875816993464 0.2647058823529412
7 0.3366013071895425 0.12745098039215685 0.1568627450980392 0.24019607843137256
7 0.2679738562091503 0.38357843137254904 0.17320261437908496 0.36764705882352944
7 0.10620915032679738 0.34558823529411764 0.1650326797385621 0.4362745098039216
7 0.0727124183006536 0.6274509803921569 0.14052287581699346 0.32598039215686275
7 0.23202614379084968 0.6617647058823529 0.1111111111111111 0.3235294117647059
7 0.3758169934640523 0.6507352941176471 0.11764705882352941 0.3235294117647059
7 0.6527777777777778 0.6642156862745098 0.1323529411764706 0.33578431372549017
7 0.9370915032679739 0.6115196078431373 0.12254901960784313 0.2426470588235294
7 0.8129084967320261 0.616421568627451 0.14869281045751634 0.2867647058823529
7 0.028594771241830064 0.26715686274509803 0.05718954248366013 0.4215686274509804
7 0.17647058823529413 0.16666666666666666 0.16339869281045752 0.2965686274509804