11 0.5155228758169934 0.4949290060851927 0.7908496732026143 0.35699797160243407
11 0.4117647058823529 0.7302231237322515 0.3937908496732026 0.4178498985801217
11 0.35866013071895425 0.8438133874239351 0.28921568627450983 0.30831643002028397
11 0.2647058823529412 0.973630831643002 0.2581699346405229 0.0486815415821501
11 0.24836601307189543 0.7515212981744422 0.2908496732026144 0.49290060851926976
11 0.1119281045751634 0.25456389452332656 0.09477124183006536 0.4340770791075051
11 0.7696078431372549 0.8093306288032455 0.16176470588235295 0.33468559837728196
11 0.4934640522875817 0.29918864097363085 0.3660130718954248 0.23529411764705882
11 0.46895424836601307 0.12981744421906694 0.3660130718954248 0.25963488843813387
11 0.4297385620915033 0.1389452332657201 0.5098039215686274 0.2778904665314402
11 0.6282679738562091 0.35496957403651114 0.25163398692810457 0.22515212981744423
11 0.7083333333333334 0.22920892494929007 0.3839869281045752 0.45841784989858014
11 0.1919934640522876 0.2210953346855984 0.2549019607843137 0.3995943204868154
11 0.5555555555555556 0.8752535496957403 0.3627450980392157 0.24543610547667344
11 0.5906862745098039 0.744421906693712 0.24019607843137256 0.30628803245436104
11 0.5580065359477124 0.8782961460446247 0.3545751633986928 0.23935091277890466
11 0.9003267973856209 0.7890466531440162 0.07026143790849673 0.3367139959432049
11 0.6797385620915033 0.6369168356997972 0.34967320261437906 0.13793103448275862
11 0.8586601307189542 0.7505070993914807 0.08823529411764706 0.3022312373225152
11 0.8202614379084967 0.4117647058823529 0.16666666666666666 0.18052738336713997