7 0.7410130718954249 0.19240196078431374 0.15196078431372548 0.38480392156862747
7 0.5988562091503268 0.16911764705882354 0.15196078431372548 0.3382352941176471
7 0.4395424836601307 0.18259803921568626 0.19607843137254902 0.36519607843137253
7 0.24836601307189543 0.16911764705882354 0.16339869281045752 0.3382352941176471
7 0.5906862745098039 0.47794117647058826 0.21405228758169934 0.7794117647058824
7 0.7834967320261438 0.7389705882352942 0.09967320261437909 0.5171568627450981
7 0.6854575163398693 0.7916666666666666 0.017973856209150325 0.058823529411764705
7 0.7361111111111112 0.8529411764705882 0.13562091503267973 0.28921568627450983
7 0.6094771241830066 0.9313725490196079 0.15359477124183007 0.1323529411764706
7 0.4526143790849673 0.9105392156862745 0.16339869281045752 0.17401960784313725
7 0.3006535947712418 0.8958333333333334 0.16339869281045752 0.2034313725490196
7 0.22630718954248366 0.6115196078431373 0.119281045751634 0.5759803921568627
7 0.41421568627450983 0.5416666666666666 0.16830065359477125 0.6519607843137255
7 0.7573529411764706 0.2916666666666667 0.14869281045751634 0.5343137254901961