11 0.30610021786492375 0.8063725490196079 0.4749455337690632 0.2565359477124183
11 0.20697167755991286 0.755718954248366 0.3355119825708061 0.28431372549019607
11 0.34967320261437906 0.576797385620915 0.6993464052287581 0.3333333333333333
11 0.28322440087145967 0.47794117647058826 0.5664488017429193 0.2826797385620915
11 0.11002178649237472 0.36356209150326796 0.22004357298474944 0.23039215686274508
11 0.3464052287581699 0.2679738562091503 0.5315904139433552 0.3202614379084967
11 0.6601307189542484 0.678921568627451 0.6753812636165577 0.44281045751633985
11 0.6666666666666666 0.5155228758169934 0.6623093681917211 0.4133986928104575
11 0.35076252723311546 0.579248366013072 0.7015250544662309 0.3415032679738562
11 0.6198257080610022 0.21405228758169934 0.6100217864923747 0.24509803921568626
11 0.7254901960784313 0.3055555555555556 0.4989106753812636 0.315359477124183
11 0.826797385620915 0.7524509803921569 0.3420479302832244 0.19444444444444445