11 0.5514705882352942 0.2867647058823529 0.36437908496732024 0.5735294117647058
11 0.7393790849673203 0.18627450980392157 0.2434640522875817 0.2696078431372549
11 0.4493464052287582 0.5232843137254902 0.5686274509803921 0.8284313725490197
11 0.4256535947712418 0.09926470588235294 0.25980392156862747 0.19852941176470587
11 0.6127450980392157 0.3333333333333333 0.565359477124183 0.6666666666666666
11 0.5849673202614379 0.883578431372549 0.3431372549019608 0.22794117647058823
11 0.33169934640522875 0.35294117647058826 0.369281045751634 0.5857843137254902
11 0.309640522875817 0.6495098039215687 0.4199346405228758 0.4852941176470588
11 0.3888888888888889 0.8897058823529411 0.21241830065359477 0.21568627450980393
11 0.5016339869281046 0.9338235294117647 0.1895424836601307 0.12745098039215685
11 0.6756535947712419 0.8578431372549019 0.22058823529411764 0.27941176470588236
11 0.2238562091503268 0.7647058823529411 0.23202614379084968 0.3088235294117647
11 0.4125816993464052 0.14583333333333334 0.3611111111111111 0.2916666666666667
11 0.7679738562091504 0.22794117647058823 0.3104575163398693 0.34558823529411764
11 0.8178104575163399 0.39215686274509803 0.13562091503267973 0.19362745098039216
11 0.7908496732026143 0.5245098039215687 0.1323529411764706 0.20588235294117646
11 0.5931372549019608 0.571078431372549 0.35947712418300654 0.41911764705882354