11 0.593681917211329 0.8186274509803921 0.5250544662309368 0.35947712418300654
11 0.4760348583877996 0.8431372549019608 0.5032679738562091 0.3104575163398693
11 0.4128540305010893 0.684640522875817 0.690631808278867 0.6274509803921569
11 0.28104575163398693 0.6568627450980392 0.5620915032679739 0.5555555555555556
11 0.11655773420479303 0.6748366013071896 0.23311546840958605 0.3627450980392157
11 0.22113289760348584 0.4084967320261438 0.4422657952069717 0.42810457516339867
11 0.7233115468409586 0.49673202614379086 0.5490196078431373 0.6666666666666666
11 0.9705882352941176 0.184640522875817 0.054466230936819175 0.08496732026143791
11 0.803921568627451 0.1323529411764706 0.29193899782135074 0.20751633986928106
11 0.6546840958605664 0.39950980392156865 0.6862745098039216 0.5898692810457516
11 0.4150326797385621 0.684640522875817 0.6993464052287581 0.6274509803921569
11 0.32788671023965144 0.2295751633986928 0.477124183006536 0.4444444444444444
11 0.5348583877995643 0.22303921568627452 0.599128540305011 0.44607843137254904
11 0.9084967320261438 0.49754901960784315 0.1786492374727669 0.315359477124183