12 0.670751633986928 0.6936274509803921 0.3366013071895425 0.5024509803921569
12 0.5547385620915033 0.7254901960784313 0.37745098039215685 0.5441176470588235
12 0.5751633986928104 0.4325980392156863 0.24673202614379086 0.3284313725490196
12 0.45179738562091504 0.48161764705882354 0.30392156862745096 0.43137254901960786
12 0.30718954248366015 0.5416666666666666 0.3709150326797386 0.5514705882352942
12 0.1650326797385621 0.09436274509803921 0.16339869281045752 0.18872549019607843
12 0.2761437908496732 0.11397058823529412 0.20261437908496732 0.22794117647058823
12 0.4714052287581699 0.2512254901960784 0.23366013071895425 0.3161764705882353
12 0.3349673202614379 0.23529411764705882 0.28104575163398693 0.3700980392156863
12 0.1895424836601307 0.21568627450980393 0.29411764705882354 0.3700980392156863
12 0.11601307189542484 0.3627450980392157 0.23202614379084968 0.5049019607843137
12 0.1830065359477124 0.5355392156862745 0.3660130718954248 0.5808823529411765