2 0.7761437908496732 0.8680738786279684 0.3431372549019608 0.25857519788918204
2 0.8782679738562091 0.7189973614775725 0.24019607843137256 0.41424802110817943
2 0.9019607843137255 0.5316622691292876 0.19281045751633988 0.3245382585751979
2 0.9125816993464052 0.3258575197889182 0.1715686274509804 0.2770448548812665
2 0.7532679738562091 0.25065963060686014 0.39869281045751637 0.42216358839050133
2 0.6315359477124183 0.3575197889182058 0.3937908496732026 0.525065963060686
2 0.5269607843137255 0.6965699208443272 0.3415032679738562 0.6015831134564644
2 0.397875816993464 0.741424802110818 0.2679738562091503 0.44063324538258575
2 0.1968954248366013 0.6213720316622692 0.25980392156862747 0.34300791556728233
2 0.14297385620915032 0.4076517150395778 0.28594771241830064 0.525065963060686
2 0.05555555555555555 0.5554089709762533 0.1111111111111111 0.21899736147757257
2 0.4084967320261438 0.18337730870712401 0.1781045751633987 0.29023746701846964
2 0.4215686274509804 0.09102902374670185 0.4215686274509804 0.1820580474934037
2 0.29820261437908496 0.12005277044854881 0.16830065359477125 0.24010554089709762
2 0.1919934640522876 0.09102902374670185 0.18137254901960784 0.1820580474934037
2 0.17401960784313725 0.21108179419525067 0.3055555555555556 0.37467018469656993
2 0.11356209150326797 0.030343007915567283 0.09640522875816994 0.06068601583113457
2 0.056372549019607844 0.420844327176781 0.11274509803921569 0.2559366754617414
2 0.7573529411764706 0.6886543535620053 0.2875816993464052 0.41688654353562005