11 0.13562091503267973 0.3137254901960784 0.27124183006535946 0.39705882352941174
11 0.12826797385620914 0.5147058823529411 0.21895424836601307 0.45098039215686275
11 0.12581699346405228 0.7107843137254902 0.23366013071895425 0.4803921568627451
11 0.23202614379084968 0.5134803921568627 0.30392156862745096 0.7426470588235294
11 0.3709150326797386 0.4056372549019608 0.29248366013071897 0.7352941176470589
11 0.5049019607843137 0.28308823529411764 0.28104575163398693 0.5661764705882353
11 0.4877450980392157 0.8272058823529411 0.2957516339869281 0.34068627450980393
11 0.6446078431372549 0.6078431372549019 0.1437908496732026 0.29411764705882354
11 0.6462418300653595 0.2769607843137255 0.3415032679738562 0.553921568627451
11 0.8513071895424836 0.2536764705882353 0.2679738562091503 0.5073529411764706
11 0.7418300653594772 0.35784313725490197 0.25163398692810457 0.5294117647058824
11 0.8398692810457516 0.11274509803921569 0.21241830065359477 0.22549019607843138
11 0.9215686274509803 0.33455882352941174 0.15359477124183007 0.6691176470588235