12 0.6772875816993464 0.30974842767295596 0.16176470588235295 0.330188679245283
12 0.6323529411764706 0.20440251572327045 0.19444444444444445 0.3584905660377358
12 0.6037581699346405 0.1289308176100629 0.184640522875817 0.2578616352201258
12 0.5196078431372549 0.2783018867924528 0.26143790849673204 0.5031446540880503
12 0.5147058823529411 0.4528301886792453 0.23366013071895425 0.4528301886792453
12 0.5800653594771242 0.5345911949685535 0.17647058823529413 0.3584905660377358
12 0.397875816993464 0.539308176100629 0.2630718954248366 0.5062893081761006
12 0.32516339869281047 0.7657232704402516 0.19934640522875818 0.3490566037735849
12 0.4125816993464052 0.9245283018867925 0.10620915032679738 0.14465408805031446
12 0.40032679738562094 0.7154088050314465 0.23529411764705882 0.449685534591195
12 0.47058823529411764 0.7830188679245284 0.17973856209150327 0.36477987421383645
12 0.5383986928104575 0.7547169811320755 0.15196078431372548 0.3081761006289308