11 0.7617924528301887 0.49836601307189543 0.4716981132075472 0.48366013071895425
11 0.7712264150943396 0.7034313725490197 0.4528301886792453 0.5898692810457516
11 0.8242924528301887 0.8464052287581699 0.2429245283018868 0.30392156862745096
11 0.4882075471698113 0.8055555555555556 0.3160377358490566 0.38562091503267976
11 0.3714622641509434 0.826797385620915 0.23349056603773585 0.3382352941176471
11 0.22641509433962265 0.7638888888888888 0.3419811320754717 0.43300653594771243
11 0.11084905660377359 0.6879084967320261 0.22169811320754718 0.3333333333333333
11 0.08726415094339622 0.701797385620915 0.17452830188679244 0.4852941176470588
11 0.9316037735849056 0.272875816993464 0.1320754716981132 0.3431372549019608
11 0.8962264150943396 0.20669934640522875 0.2028301886792453 0.3349673202614379
11 0.7995283018867925 0.22875816993464052 0.37264150943396224 0.4297385620915033
11 0.5283018867924528 0.36437908496732024 0.38207547169811323 0.6552287581699346
11 0.7429245283018868 0.1437908496732026 0.1509433962264151 0.2565359477124183
11 0.5825471698113207 0.136437908496732 0.19339622641509435 0.272875816993464
11 0.3160377358490566 0.47467320261437906 0.4056603773584906 0.5196078431372549
11 0.3561320754716981 0.27369281045751637 0.46226415094339623 0.5473856209150327
11 0.2511792452830189 0.19444444444444445 0.3089622641509434 0.3888888888888889
11 0.125 0.1781045751633987 0.19339622641509435 0.3480392156862745
11 0.07665094339622641 0.42320261437908496 0.15330188679245282 0.13398692810457516