5 0.7061752988047809 0.4158496732026144 0.5577689243027888 0.6535947712418301
5 0.8406374501992032 0.37336601307189543 0.3147410358565737 0.4624183006535948
5 0.6683266932270916 0.6797385620915033 0.36254980079681276 0.380718954248366
5 0.5169322709163346 0.8227124183006536 0.651394422310757 0.35130718954248363
5 0.5607569721115537 0.8978758169934641 0.45617529880478086 0.20098039215686275
5 0.16733067729083664 0.5220588235294118 0.3346613545816733 0.6225490196078431
5 0.20019920318725098 0.5179738562091504 0.40039840637450197 0.545751633986928
5 0.32171314741035856 0.26062091503267976 0.6075697211155379 0.5212418300653595
5 0.3854581673306773 0.22549019607843138 0.4721115537848606 0.45098039215686275
5 0.5039840637450199 0.36764705882352944 0.5976095617529881 0.6911764705882353
5 0.8774900398406374 0.43709150326797386 0.2410358565737052 0.5016339869281046