11 0.4644607843137255 0.5147058823529411 0.8651960784313726 0.5784313725490197
11 0.4583333333333333 0.9052287581699346 0.37745098039215685 0.18627450980392157
11 0.16789215686274508 0.9158496732026143 0.3137254901960784 0.16339869281045752
11 0.0784313725490196 0.7859477124183006 0.1568627450980392 0.21895424836601307
11 0.1556372549019608 0.47549019607843135 0.3112745098039216 0.5980392156862745
11 0.30637254901960786 0.19117647058823528 0.43137254901960786 0.3562091503267974
11 0.48651960784313725 0.2638888888888889 0.678921568627451 0.5277777777777778
11 0.4644607843137255 0.11029411764705882 0.41911764705882354 0.22058823529411764
11 0.7573529411764706 0.6658496732026143 0.4803921568627451 0.4199346405228758
11 0.6531862745098039 0.8349673202614379 0.3014705882352941 0.21405228758169934
11 0.18627450980392157 0.7181372549019608 0.37254901960784315 0.31209150326797386
11 0.0821078431372549 0.6503267973856209 0.1642156862745098 0.2875816993464052
11 0.3553921568627451 0.6119281045751634 0.3700980392156863 0.2581699346405229
11 0.18872549019607843 0.5122549019607843 0.37745098039215685 0.272875816993464
11 0.6127450980392157 0.5433006535947712 0.6470588235294118 0.4950980392156863
11 0.9252450980392157 0.4387254901960784 0.14460784313725492 0.26633986928104575
11 0.8026960784313726 0.35049019607843135 0.3897058823529412 0.3480392156862745
11 0.6752450980392157 0.2369281045751634 0.3602941176470588 0.2761437908496732
11 0.4963235294117647 0.2549019607843137 0.6544117647058824 0.5098039215686274
11 0.9056372549019608 0.24428104575163398 0.18382352941176472 0.25326797385620914