11 0.4861111111111111 0.5081135902636917 0.8055555555555556 0.5436105476673428
11 0.5473856209150327 0.2515212981744422 0.44281045751633985 0.4969574036511156
11 0.5784313725490197 0.15517241379310345 0.3300653594771242 0.3103448275862069
11 0.6478758169934641 0.017241379310344827 0.25980392156862747 0.034482758620689655
11 0.7009803921568627 0.22920892494929007 0.3660130718954248 0.45841784989858014
11 0.9183006535947712 0.6389452332657201 0.16013071895424835 0.4340770791075051
11 0.184640522875817 0.2657200811359026 0.2107843137254902 0.359026369168357
11 0.5400326797385621 0.6947261663286004 0.3839869281045752 0.3184584178498986
11 0.5947712418300654 0.8417849898580122 0.39215686274509803 0.31237322515212984
11 0.6315359477124183 0.8184584178498986 0.5310457516339869 0.359026369168357
11 0.39869281045751637 0.6754563894523327 0.2761437908496732 0.2778904665314402
11 0.34558823529411764 0.7758620689655172 0.44607843137254904 0.44421906693711966
11 0.8464052287581699 0.6926977687626775 0.30392156862745096 0.44421906693711966
11 0.38235294117647056 0.15618661257606492 0.38562091503267976 0.31237322515212984
11 0.3700980392156863 0.2839756592292089 0.2777777777777778 0.3509127789046653
11 0.37826797385620914 0.15212981744421908 0.37745098039215685 0.30425963488843816
11 0.061274509803921566 0.31947261663286003 0.12254901960784313 0.33874239350912777
11 0.3014705882352941 0.4117647058823529 0.35130718954248363 0.2210953346855984
11 0.10702614379084967 0.34787018255578095 0.13398692810457516 0.30831643002028397
11 0.20179738562091504 0.6693711967545639 0.18790849673202614 0.2129817444219067