11 0.3790849673202614 0.8583877995642701 0.42483660130718953 0.2788671023965142
11 0.18382352941176472 0.7440087145969498 0.25326797385620914 0.28322440087145967
11 0.255718954248366 0.6122004357298475 0.3137254901960784 0.40522875816993464
11 0.34395424836601307 0.38453159041394336 0.41830065359477125 0.4684095860566449
11 0.6151960784313726 0.6252723311546841 0.49673202614379086 0.5403050108932462
11 0.673202614379085 0.3812636165577342 0.5882352941176471 0.6383442265795207
11 0.3937908496732026 0.1503267973856209 0.3202614379084967 0.3006535947712418
11 0.43137254901960786 0.08823529411764706 0.3006535947712418 0.17647058823529413
11 0.6928104575163399 0.1895424836601307 0.4411764705882353 0.3790849673202614
11 0.5776143790849673 0.9586056644880174 0.23366013071895425 0.0784313725490196
11 0.5155228758169934 0.7538126361655774 0.5604575163398693 0.4880174291938998
11 0.1053921568627451 0.6797385620915033 0.2107843137254902 0.26143790849673204
11 0.8047385620915033 0.2570806100217865 0.3872549019607843 0.40522875816993464
11 0.13480392156862744 0.5239651416122004 0.19934640522875818 0.28540305010893247
11 0.2361111111111111 0.35294117647058826 0.23202614379084968 0.2962962962962963
11 0.33578431372549017 0.17647058823529413 0.27124183006535946 0.3333333333333333