11 0.38112745098039214 0.6446078431372549 0.7622549019607843 0.2042483660130719
11 0.28799019607843135 0.7254901960784313 0.5759803921568627 0.19281045751633988
11 0.1875 0.37745098039215685 0.375 0.29411764705882354
11 0.20833333333333334 0.4477124183006536 0.39215686274509803 0.15196078431372548
11 0.5171568627450981 0.5735294117647058 0.7132352941176471 0.22058823529411764
11 0.6017156862745098 0.6968954248366013 0.4877450980392157 0.3545751633986928
11 0.7365196078431373 0.6356209150326797 0.47549019607843135 0.23039215686274508
11 0.7732843137254902 0.8031045751633987 0.3014705882352941 0.18627450980392157
11 0.7647058823529411 0.7491830065359477 0.3897058823529412 0.29411764705882354
11 0.9031862745098039 0.5351307189542484 0.18872549019607843 0.119281045751634
11 0.6041666666666666 0.3415032679738562 0.7867647058823529 0.24509803921568626
11 0.4264705882352941 0.40604575163398693 0.5906862745098039 0.16830065359477125
11 0.3112745098039216 0.20588235294117646 0.24509803921568626 0.17647058823529413