4 0.41911764705882354 0.7659313725490197 0.3415032679738562 0.4632352941176471
4 0.30800653594771243 0.6433823529411765 0.2581699346405229 0.44607843137254904
4 0.5800653594771242 0.3799019607843137 0.37254901960784315 0.49754901960784315
4 0.37254901960784315 0.23039215686274508 0.3006535947712418 0.46078431372549017
4 0.7785947712418301 0.7156862745098039 0.34477124183006536 0.5637254901960784
4 0.6290849673202614 0.8125 0.369281045751634 0.3700980392156863
4 0.12826797385620914 0.1801470588235294 0.21405228758169934 0.3602941176470588
4 0.4256535947712418 0.7708333333333334 0.3480392156862745 0.4534313725490196
4 0.886437908496732 0.42769607843137253 0.2238562091503268 0.4583333333333333
4 0.690359477124183 0.38357843137254904 0.3611111111111111 0.46568627450980393
4 0.45588235294117646 0.13480392156862744 0.3202614379084967 0.2696078431372549
4 0.2042483660130719 0.05392156862745098 0.21568627450980393 0.10784313725490197
4 0.2826797385620915 0.40931372549019607 0.2647058823529412 0.3161764705882353
4 0.863562091503268 0.7769607843137255 0.2696078431372549 0.4411764705882353