7 0.8325163398692811 0.36492374727668847 0.31209150326797386 0.49019607843137253
7 0.5669934640522876 0.616557734204793 0.3709150326797386 0.6623093681917211
7 0.33986928104575165 0.6427015250544662 0.434640522875817 0.6775599128540305
7 0.19281045751633988 0.47276688453159044 0.3562091503267974 0.7647058823529411
7 0.272875816993464 0.7570806100217865 0.22058823529411764 0.3442265795206972
7 0.3202614379084967 0.2429193899782135 0.3660130718954248 0.485838779956427
7 0.3872549019607843 0.18845315904139434 0.2679738562091503 0.3769063180827887
7 0.5294117647058824 0.27233115468409586 0.3431372549019608 0.5446623093681917
7 0.48856209150326796 0.9019607843137255 0.22549019607843138 0.19172113289760348
7 0.704248366013072 0.7080610021786492 0.33986928104575165 0.579520697167756
7 0.7066993464052288 0.24509803921568626 0.2434640522875817 0.3790849673202614