11 0.27941176470588236 0.10893246187363835 0.23529411764705882 0.2178649237472767
11 0.5024509803921569 0.1056644880174292 0.18137254901960784 0.2113289760348584
11 0.7336601307189542 0.2429193899782135 0.35294117647058826 0.45751633986928103
11 0.23937908496732027 0.3899782135076253 0.25163398692810457 0.4596949891067538
11 0.12581699346405228 0.2429193899782135 0.238562091503268 0.42483660130718953
11 0.4166666666666667 0.6241830065359477 0.2581699346405229 0.5381263616557734
11 0.5383986928104575 0.45860566448801743 0.2679738562091503 0.5076252723311547
11 0.6633986928104575 0.5119825708061002 0.4117647058823529 0.7189542483660131
11 0.8063725490196079 0.4934640522875817 0.16993464052287582 0.2047930283224401
11 0.8586601307189542 0.1655773420479303 0.27941176470588236 0.2570806100217865
11 0.09640522875816994 0.5686274509803921 0.19281045751633988 0.3747276688453159
11 0.16339869281045752 0.6938997821350763 0.32679738562091504 0.5381263616557734
11 0.31290849673202614 0.7952069716775599 0.184640522875817 0.37037037037037035
11 0.5531045751633987 0.8257080610021786 0.2042483660130719 0.3442265795206972
11 0.6895424836601307 0.8420479302832244 0.2549019607843137 0.3115468409586057
11 0.8251633986928104 0.8877995642701525 0.24836601307189543 0.22004357298474944
11 0.8782679738562091 0.8169934640522876 0.22058823529411764 0.3616557734204793
11 0.8676470588235294 0.6928104575163399 0.2565359477124183 0.32679738562091504
11 0.9183006535947712 0.5773420479302832 0.16013071895424835 0.17429193899782136
11 0.920751633986928 0.41938997821350765 0.15522875816993464 0.2113289760348584
11 0.9264705882352942 0.29520697167755994 0.1437908496732026 0.1503267973856209
11 0.08986928104575163 0.7113289760348583 0.17973856209150327 0.35947712418300654