11 0.5204248366013072 0.6151960784313726 0.5179738562091504 0.7647058823529411
11 0.4362745098039216 0.8112745098039216 0.3137254901960784 0.37254901960784315
11 0.5171568627450981 0.9485294117647058 0.2042483660130719 0.09803921568627451
11 0.6593137254901961 0.803921568627451 0.3022875816993464 0.3872549019607843
11 0.3055555555555556 0.758578431372549 0.16176470588235295 0.2426470588235294
11 0.18055555555555555 0.5870098039215687 0.29411764705882354 0.4411764705882353
11 0.7794117647058824 0.7046568627450981 0.1830065359477124 0.27450980392156865
11 0.8946078431372549 0.5318627450980392 0.15359477124183007 0.23039215686274508
11 0.7475490196078431 0.49019607843137253 0.3055555555555556 0.4583333333333333
11 0.6576797385620915 0.32965686274509803 0.35947712418300654 0.5392156862745098
11 0.5449346405228758 0.1715686274509804 0.3284313725490196 0.3431372549019608
11 0.19607843137254902 0.5049019607843137 0.3104575163398693 0.46568627450980393
11 0.28513071895424835 0.24509803921568626 0.22712418300653595 0.34068627450980393
11 0.40032679738562094 0.15931372549019607 0.31699346405228757 0.31862745098039214