11 0.7700471698113207 0.4722222222222222 0.4080188679245283 0.4477124183006536
11 0.8219339622641509 0.696078431372549 0.35141509433962265 0.6045751633986928
11 0.8938679245283019 0.8325163398692811 0.17452830188679244 0.33169934640522875
11 0.5495283018867925 0.809640522875817 0.24056603773584906 0.37745098039215685
11 0.4386792452830189 0.8357843137254902 0.16981132075471697 0.32516339869281047
11 0.2818396226415094 0.7875816993464052 0.2617924528301887 0.4117647058823529
11 0.14622641509433962 0.7230392156862745 0.16981132075471697 0.31862745098039214
11 0.08490566037735849 0.744281045751634 0.16981132075471697 0.4722222222222222
11 0.9221698113207547 0.22875816993464052 0.1509433962264151 0.3300653594771242
11 0.8797169811320755 0.16666666666666666 0.2358490566037736 0.3137254901960784
11 0.7417452830188679 0.20261437908496732 0.294811320754717 0.40522875816993464
11 0.5011792452830188 0.3627450980392157 0.25707547169811323 0.6372549019607843
11 0.6686320754716981 0.12418300653594772 0.10141509433962265 0.24836601307189543
11 0.5082547169811321 0.13071895424836602 0.1391509433962264 0.26143790849673204
11 0.3125 0.49264705882352944 0.3089622641509434 0.4950980392156863
11 0.3089622641509434 0.27369281045751637 0.35377358490566035 0.5473856209150327
11 0.18867924528301888 0.20261437908496732 0.22641509433962265 0.40522875816993464
11 0.06367924528301887 0.2173202614379085 0.12735849056603774 0.33986928104575165
11 0.06485849056603774 0.46486928104575165 0.12971698113207547 0.12254901960784313