11 0.7267156862745098 0.3104575163398693 0.46568627450980393 0.22875816993464052
11 0.7720588235294118 0.42483660130718953 0.4411764705882353 0.17973856209150327
11 0.7781862745098039 0.5433006535947712 0.4387254901960784 0.20751633986928106
11 0.8357843137254902 0.6233660130718954 0.3235294117647059 0.1454248366013072
11 0.8357843137254902 0.7352941176470589 0.3235294117647059 0.14705882352941177
11 0.5330882352941176 0.7671568627450981 0.4264705882352941 0.19281045751633988
11 0.6213235294117647 0.6625816993464052 0.41911764705882354 0.20588235294117646
11 0.22426470588235295 0.7099673202614379 0.18627450980392157 0.13725490196078433
11 0.4056372549019608 0.6870915032679739 0.27450980392156865 0.12581699346405228
11 0.24019607843137256 0.5931372549019608 0.42401960784313725 0.16176470588235295
11 0.29901960784313725 0.47794117647058826 0.5514705882352942 0.19281045751633988
11 0.31862745098039214 0.375 0.41911764705882354 0.16993464052287582
11 0.05392156862745098 0.5612745098039216 0.10784313725490197 0.14869281045751634
11 0.10661764705882353 0.678921568627451 0.14705882352941177 0.1323529411764706
11 0.07107843137254902 0.4820261437908497 0.14215686274509803 0.20588235294117646
11 0.19240196078431374 0.31862745098039214 0.15931372549019607 0.14215686274509803
11 0.33455882352941174 0.29411764705882354 0.21323529411764705 0.12581699346405228
11 0.6580882352941176 0.2540849673202614 0.5220588235294118 0.20098039215686275
11 0.75 0.16258169934640523 0.26715686274509803 0.12908496732026145
11 0.6372549019607843 0.17401960784313725 0.2696078431372549 0.09477124183006536