11 0.7034313725490197 0.6593137254901961 0.5408496732026143 0.6764705882352942
11 0.795751633986928 0.9117647058823529 0.24183006535947713 0.1715686274509804
11 0.6666666666666666 0.8627450980392157 0.21895424836601307 0.2696078431372549
11 0.494281045751634 0.43995098039215685 0.5996732026143791 0.8799019607843137
11 0.8488562091503268 0.5392156862745098 0.29901960784313725 0.5196078431372549
11 0.6699346405228758 0.6311274509803921 0.6568627450980392 0.7328431372549019
11 0.16584967320261437 0.4803921568627451 0.33169934640522875 0.6274509803921569
11 0.6282679738562091 0.2916666666666667 0.4166666666666667 0.5833333333333334
11 0.4395424836601307 0.25735294117647056 0.37254901960784315 0.5147058823529411
11 0.1919934640522876 0.20955882352941177 0.32189542483660133 0.41911764705882354
11 0.13562091503267973 0.35171568627450983 0.27124183006535946 0.40441176470588236
11 0.1650326797385621 0.6531862745098039 0.3300653594771242 0.41911764705882354
11 0.32598039215686275 0.11274509803921569 0.3382352941176471 0.22549019607843138
11 0.8022875816993464 0.4571078431372549 0.3349673202614379 0.5612745098039216
11 0.6593137254901961 0.8541666666666666 0.3284313725490196 0.2867647058823529
11 0.5098039215686274 0.9387254901960784 0.14052287581699346 0.11764705882352941
11 0.42892156862745096 0.9068627450980392 0.14869281045751634 0.18137254901960784
11 0.4354575163398693 0.6237745098039216 0.31862745098039214 0.5490196078431373