5 0.3655378486055777 0.6535947712418301 0.2450199203187251 0.6405228758169934
5 0.22211155378486055 0.7655228758169934 0.22310756972111553 0.43137254901960786
5 0.24900398406374502 0.40604575163398693 0.199203187250996 0.35130718954248363
5 0.2739043824701195 0.1707516339869281 0.547808764940239 0.3022875816993464
5 0.18725099601593626 0.11437908496732026 0.3745019920318725 0.2222222222222222
5 0.8735059760956175 0.31290849673202614 0.24900398406374502 0.6029411764705882
5 0.8067729083665338 0.3464052287581699 0.2788844621513944 0.5016339869281046
5 0.798804780876494 0.6576797385620915 0.398406374501992 0.4591503267973856
5 0.7689243027888446 0.7140522875816994 0.26693227091633465 0.4395424836601307
5 0.5727091633466136 0.6184640522875817 0.2689243027888446 0.673202614379085
5 0.11254980079681275 0.7410130718954249 0.21713147410358566 0.477124183006536