11 0.34068627450980393 0.20710784313725492 0.42320261437908496 0.41421568627450983
11 0.32107843137254904 0.2769607843137255 0.3431372549019608 0.4852941176470588
11 0.5245098039215687 0.24877450980392157 0.21241830065359477 0.3382352941176471
11 0.5285947712418301 0.21200980392156862 0.4493464052287582 0.42401960784313725
11 0.5138888888888888 0.5171568627450981 0.7630718954248366 0.9607843137254902
11 0.1576797385620915 0.3333333333333333 0.22058823529411764 0.3112745098039216
11 0.440359477124183 0.5502450980392157 0.6683006535947712 0.8946078431372549
11 0.7655228758169934 0.6237745098039216 0.3382352941176471 0.4681372549019608
11 0.6495098039215687 0.7708333333333334 0.29411764705882354 0.42892156862745096
11 0.3562091503267974 0.7328431372549019 0.3545751633986928 0.5245098039215687
11 0.4362745098039216 0.8823529411764706 0.2973856209150327 0.23039215686274508
11 0.613562091503268 0.9007352941176471 0.20751633986928106 0.19362745098039216
11 0.48284313725490197 0.8443627450980392 0.39705882352941174 0.30637254901960786
11 0.9313725490196079 0.6862745098039216 0.042483660130718956 0.061274509803921566
11 0.6446078431372549 0.1948529411764706 0.1830065359477124 0.23529411764705882