7 0.559640522875817 0.2951945080091533 0.3480392156862745 0.5903890160183066
7 0.7459150326797386 0.7345537757437071 0.2761437908496732 0.4233409610983982
7 0.7450980392156863 0.1956521739130435 0.1895424836601307 0.391304347826087
7 0.5718954248366013 0.09954233409610984 0.2679738562091503 0.19908466819221968
7 0.36519607843137253 0.10068649885583524 0.23039215686274508 0.20137299771167047
7 0.3562091503267974 0.3295194508009153 0.3284313725490196 0.5560640732265446
7 0.6887254901960784 0.45080091533180777 0.2761437908496732 0.4416475972540046
7 0.8390522875816994 0.568649885583524 0.16993464052287582 0.45537757437070936
7 0.5661764705882353 0.914187643020595 0.24673202614379086 0.16704805491990846
7 0.5049019607843137 0.7185354691075515 0.3562091503267974 0.5583524027459954
7 0.25326797385620914 0.620137299771167 0.2777777777777778 0.5240274599542334
7 0.3464052287581699 0.9016018306636155 0.27124183006535946 0.19221967963386727
7 0.1715686274509804 0.2906178489702517 0.21241830065359477 0.3890160183066362