2 0.14950980392156862 0.42744063324538256 0.29901960784313725 0.3641160949868074
2 0.119281045751634 0.6846965699208444 0.238562091503268 0.41952506596306066
2 0.15196078431372548 0.8522427440633246 0.22875816993464052 0.29023746701846964
2 0.2034313725490196 0.9577836411609498 0.2369281045751634 0.079155672823219
2 0.38562091503267976 0.8601583113456465 0.4019607843137255 0.27440633245382584
2 0.4452614379084967 0.7335092348284961 0.40032679738562094 0.5277044854881267
2 0.39705882352941174 0.3469656992084433 0.34967320261437906 0.6596306068601583
2 0.4950980392156863 0.21635883905013192 0.27450980392156865 0.43271767810026385
2 0.7009803921568627 0.14643799472295516 0.2647058823529412 0.2928759894459103
2 0.8349673202614379 0.24406332453825857 0.3235294117647059 0.48812664907651715
2 0.8578431372549019 0.06464379947229551 0.15359477124183007 0.12928759894459102
2 0.6887254901960784 0.6701846965699209 0.18137254901960784 0.2955145118733509
2 0.7410130718954249 0.816622691292876 0.4199346405228758 0.35092348284960423
2 0.8071895424836601 0.6279683377308707 0.16993464052287582 0.2717678100263852
2 0.9158496732026143 0.5949868073878628 0.1650326797385621 0.3245382585751979
2 0.8562091503267973 0.42744063324538256 0.28431372549019607 0.39050131926121373
2 0.9836601307189542 0.5897097625329816 0.029411764705882353 0.25065963060686014
2 0.8970588235294118 0.1345646437994723 0.13725490196078433 0.25857519788918204
2 0.22303921568627452 0.5910290237467019 0.2908496732026144 0.42480211081794195