11 0.5751633986928104 0.4497549019607843 0.4820261437908497 0.8014705882352942
11 0.7475490196078431 0.5318627450980392 0.3104575163398693 0.45588235294117646
11 0.8611111111111112 0.38112745098039214 0.20751633986928106 0.29411764705882354
11 0.6944444444444444 0.20710784313725492 0.3202614379084967 0.41421568627450983
11 0.7034313725490197 0.741421568627451 0.16666666666666666 0.22794117647058823
11 0.613562091503268 0.8615196078431373 0.272875816993464 0.27205882352941174
11 0.5882352941176471 0.09068627450980392 0.19607843137254902 0.18137254901960784
11 0.45098039215686275 0.17647058823529413 0.3137254901960784 0.35294117647058826
11 0.3602941176470588 0.2965686274509804 0.3611111111111111 0.5196078431372549
11 0.22794117647058823 0.5036764705882353 0.3202614379084967 0.4852941176470588
11 0.5580065359477124 0.8578431372549019 0.29901960784313725 0.27941176470588236
11 0.37254901960784315 0.8504901960784313 0.23202614379084968 0.29411764705882354
11 0.2426470588235294 0.7218137254901961 0.33169934640522875 0.4264705882352941