11 0.4542483660130719 0.6029411764705882 0.2826797385620915 0.7279411764705882
11 0.2785947712418301 0.6703431372549019 0.2434640522875817 0.3284313725490196
11 0.23774509803921567 0.8884803921568627 0.17320261437908496 0.19117647058823528
11 0.440359477124183 0.8982843137254902 0.31209150326797386 0.19852941176470587
11 0.24183006535947713 0.45588235294117646 0.1503267973856209 0.13725490196078433
11 0.2426470588235294 0.21200980392156862 0.1454248366013072 0.42401960784313725
11 0.5857843137254902 0.9411764705882353 0.18790849673202614 0.11274509803921569
11 0.7483660130718954 0.9485294117647058 0.14705882352941177 0.09803921568627451
11 0.670751633986928 0.7683823529411765 0.272875816993464 0.2696078431372549
11 0.690359477124183 0.5612745098039216 0.29411764705882354 0.3602941176470588
11 0.7295751633986928 0.27941176470588236 0.23529411764705882 0.375
11 0.2949346405228758 0.17769607843137256 0.2107843137254902 0.3553921568627451
11 0.4820261437908497 0.09558823529411764 0.20588235294117646 0.19117647058823528
11 0.6413398692810458 0.1090686274509804 0.32516339869281047 0.2181372549019608