11 0.6478758169934641 0.6188725490196079 0.2581699346405229 0.6911764705882353
11 0.7540849673202614 0.5882352941176471 0.2826797385620915 0.49264705882352944
11 0.38643790849673204 0.4534313725490196 0.32189542483660133 0.6838235294117647
11 0.5212418300653595 0.39338235294117646 0.1977124183006536 0.3897058823529412
11 0.5400326797385621 0.6127450980392157 0.18627450980392157 0.5269607843137255
11 0.47549019607843135 0.5563725490196079 0.16993464052287582 0.35784313725490197
11 0.5996732026143791 0.6727941176470589 0.08496732026143791 0.23774509803921567
11 0.2867647058823529 0.2549019607843137 0.3382352941176471 0.3333333333333333
11 0.23529411764705882 0.3786764705882353 0.3415032679738562 0.3333333333333333
11 0.2034313725490196 0.49019607843137253 0.28104575163398693 0.27941176470588236
11 0.29983660130718953 0.6090686274509803 0.24836601307189543 0.29411764705882354