11 0.2777777777777778 0.5383986928104575 0.5555555555555556 0.5408496732026143
11 0.3616557734204793 0.2761437908496732 0.664488017429194 0.5147058823529411
11 0.5261437908496732 0.32516339869281047 0.7952069716775599 0.6405228758169934
11 0.7396514161220044 0.45588235294117646 0.5163398692810458 0.6470588235294118
11 0.696078431372549 0.6062091503267973 0.6034858387799564 0.5718954248366013
11 0.6786492374727668 0.7393790849673203 0.4531590413943355 0.3415032679738562
11 0.5533769063180828 0.8970588235294118 0.2875816993464052 0.20261437908496732
11 0.3769063180827887 0.6854575163398693 0.49673202614379086 0.35130718954248363
11 0.12854030501089325 0.5890522875816994 0.2570806100217865 0.3480392156862745
11 0.02178649237472767 0.7401960784313726 0.04357298474945534 0.1568627450980392
11 0.07734204793028322 0.7998366013071896 0.15468409586056645 0.14869281045751634
11 0.21568627450980393 0.8741830065359477 0.28104575163398693 0.19444444444444445
11 0.2875816993464052 0.8602941176470589 0.2178649237472767 0.15522875816993464
11 0.47058823529411764 0.9150326797385621 0.3006535947712418 0.16666666666666666
11 0.5566448801742919 0.08088235294117647 0.3769063180827887 0.16176470588235295
11 0.7745098039215687 0.2549019607843137 0.4466230936819172 0.369281045751634
11 0.4357298474945534 0.9738562091503268 0.22657952069716775 0.049019607843137254