11 0.7316176470588235 0.3137254901960784 0.4632352941176471 0.22549019607843138
11 0.7745098039215687 0.42810457516339867 0.4411764705882353 0.17483660130718953
11 0.7781862745098039 0.545751633986928 0.4387254901960784 0.20261437908496732
11 0.8333333333333334 0.6266339869281046 0.3284313725490196 0.14215686274509803
11 0.8333333333333334 0.7393790849673203 0.3284313725490196 0.14215686274509803
11 0.5257352941176471 0.7679738562091504 0.42401960784313725 0.1895424836601307
11 0.6176470588235294 0.6642156862745098 0.41911764705882354 0.20098039215686275
11 0.2181372549019608 0.7066993464052288 0.18382352941176472 0.13562091503267973
11 0.4007352941176471 0.6862745098039216 0.27450980392156865 0.12418300653594772
11 0.23774509803921567 0.5898692810457516 0.42401960784313725 0.1568627450980392
11 0.29901960784313725 0.47549019607843135 0.5514705882352942 0.18790849673202614
11 0.32107843137254904 0.37336601307189543 0.4166666666666667 0.16666666666666666
11 0.05269607843137255 0.5563725490196079 0.1053921568627451 0.14869281045751634
11 0.10294117647058823 0.6740196078431373 0.14460784313725492 0.1323529411764706
11 0.06985294117647059 0.477124183006536 0.13970588235294118 0.20588235294117646
11 0.19730392156862744 0.315359477124183 0.1568627450980392 0.14215686274509803
11 0.3394607843137255 0.29248366013071897 0.2107843137254902 0.12418300653594772
11 0.6642156862745098 0.255718954248366 0.5196078431372549 0.19607843137254902
11 0.758578431372549 0.16584967320261437 0.2647058823529412 0.12745098039215685
11 0.6458333333333334 0.17565359477124182 0.2696078431372549 0.09313725490196079