7 0.4812091503267974 0.5796568627450981 0.31699346405228757 0.6323529411764706
7 0.1119281045751634 0.5049019607843137 0.2238562091503268 0.36764705882352944
7 0.12826797385620914 0.6911764705882353 0.2565359477124183 0.4362745098039216
7 0.3684640522875817 0.7389705882352942 0.34477124183006536 0.5171568627450981
7 0.16094771241830066 0.8345588235294118 0.25326797385620914 0.32598039215686275
7 0.21241830065359477 0.9264705882352942 0.238562091503268 0.14215686274509803
7 0.37336601307189543 0.8688725490196079 0.2761437908496732 0.25735294117647056
7 0.5408496732026143 0.9105392156862745 0.20915032679738563 0.17401960784313725
7 0.6053921568627451 0.5355392156862745 0.3333333333333333 0.6053921568627451
7 0.25980392156862747 0.40441176470588236 0.2238562091503268 0.3602941176470588
7 0.10947712418300654 0.3112745098039216 0.17483660130718953 0.2181372549019608
7 0.027777777777777776 0.4007352941176471 0.05555555555555555 0.18872549019607843
7 0.2687908496732026 0.21446078431372548 0.22875816993464052 0.28921568627450983
7 0.4019607843137255 0.20955882352941177 0.16666666666666666 0.2916666666666667
7 0.4591503267973856 0.16299019607843138 0.2679738562091503 0.32598039215686275
7 0.6266339869281046 0.7941176470588235 0.26633986928104575 0.38235294117647056
7 0.7606209150326797 0.6605392156862745 0.2173202614379085 0.3700980392156863
7 0.7369281045751634 0.4583333333333333 0.3611111111111111 0.5882352941176471
7 0.7222222222222222 0.27450980392156865 0.3758169934640523 0.5490196078431373
7 0.7549019607843137 0.06004901960784314 0.25163398692810457 0.12009803921568628
7 0.923202614379085 0.3112745098039216 0.1503267973856209 0.45098039215686275
7 0.8660130718954249 0.3284313725490196 0.2630718954248366 0.5612745098039216