11 0.6928104575163399 0.24019607843137256 0.41830065359477125 0.4803921568627451
11 0.6013071895424836 0.22426470588235295 0.3464052287581699 0.4485294117647059
11 0.6691176470588235 0.47549019607843135 0.22875816993464052 0.34068627450980393
11 0.7671568627450981 0.12009803921568628 0.272875816993464 0.24019607843137256
11 0.7965686274509803 0.20955882352941177 0.4035947712418301 0.41911764705882354
11 0.7655228758169934 0.3897058823529412 0.46568627450980393 0.7794117647058824
11 0.4852941176470588 0.4987745098039216 0.7320261437908496 0.9975490196078431
11 0.5784313725490197 0.06372549019607843 0.32679738562091504 0.12745098039215685
11 0.4150326797385621 0.48161764705882354 0.6993464052287581 0.9632352941176471
11 0.48447712418300654 0.8296568627450981 0.3382352941176471 0.33578431372549017
11 0.3464052287581699 0.9571078431372549 0.24509803921568626 0.08088235294117647
11 0.34967320261437906 0.7769607843137255 0.3235294117647059 0.4411764705882353
11 0.3145424836601307 0.34681372549019607 0.3660130718954248 0.5490196078431373
11 0.1919934640522876 0.5171568627450981 0.27941176470588236 0.4264705882352941
11 0.21977124183006536 0.8112745098039216 0.2565359477124183 0.37254901960784315
11 0.20016339869281047 0.6458333333333334 0.40032679738562094 0.7034313725490197
11 0.0784313725490196 0.7083333333333334 0.1568627450980392 0.38235294117647056
11 0.05800653594771242 0.7132352941176471 0.11601307189542484 0.31862745098039214
11 0.9395424836601307 0.46691176470588236 0.11764705882352941 0.3014705882352941
11 0.7320261437908496 0.6360294117647058 0.17483660130718953 0.26715686274509803