11 0.6372549019607843 0.9264705882352942 0.485838779956427 0.1437908496732026
11 0.7233115468409586 0.8529411764705882 0.3877995642701525 0.21405228758169934
11 0.37037037037037035 0.49673202614379086 0.7407407407407407 0.5490196078431373
11 0.20261437908496732 0.7941176470588235 0.40522875816993464 0.37254901960784315
11 0.3562091503267974 0.9256535947712419 0.19172113289760348 0.1437908496732026
11 0.7930283224400871 0.7410130718954249 0.3028322440087146 0.1568627450980392
11 0.809368191721133 0.4019607843137255 0.3769063180827887 0.6535947712418301
11 0.6111111111111112 0.7148692810457516 0.5686274509803921 0.47058823529411764
11 0.2167755991285403 0.46568627450980393 0.35076252723311546 0.5163398692810458
11 0.710239651416122 0.2687908496732026 0.3660130718954248 0.5049019607843137
11 0.5043572984749455 0.2540849673202614 0.3638344226579521 0.5081699346405228
11 0.37363834422657954 0.1315359477124183 0.2549019607843137 0.2630718954248366
11 0.23311546840958605 0.10866013071895425 0.2962962962962963 0.2173202614379085
11 0.9411764705882353 0.238562091503268 0.11328976034858387 0.2549019607843137