4 0.14052287581699346 0.6995073891625616 0.2173202614379085 0.3399014778325123
4 0.20016339869281047 0.625615763546798 0.238562091503268 0.37438423645320196
4 0.28594771241830064 0.8916256157635468 0.27450980392156865 0.21182266009852216
4 0.2696078431372549 0.5110837438423645 0.2696078431372549 0.4064039408866995
4 0.3700980392156863 0.3866995073891626 0.24509803921568626 0.37438423645320196
4 0.4166666666666667 0.32389162561576357 0.2647058823529412 0.4039408866995074
4 0.46078431372549017 0.3017241379310345 0.24673202614379086 0.3793103448275862
4 0.5212418300653595 0.20689655172413793 0.27124183006535946 0.41379310344827586
4 0.5743464052287581 0.14901477832512317 0.25 0.29802955665024633
4 0.6936274509803921 0.07389162561576355 0.23039215686274508 0.1477832512315271
4 0.6748366013071896 0.10837438423645321 0.19934640522875818 0.21674876847290642
4 0.8521241830065359 0.2204433497536946 0.2761437908496732 0.43103448275862066
4 0.6879084967320261 0.43103448275862066 0.2973856209150327 0.4630541871921182
4 0.6495098039215687 0.5455665024630542 0.2973856209150327 0.4605911330049261
4 0.5555555555555556 0.6206896551724138 0.32189542483660133 0.49261083743842365
4 0.35049019607843135 0.8078817733990148 0.2565359477124183 0.3793103448275862
4 0.37173202614379086 0.8990147783251231 0.23366013071895425 0.19704433497536947
4 0.42810457516339867 0.7906403940886699 0.3104575163398693 0.41379310344827586
4 0.4624183006535948 0.6945812807881774 0.28104575163398693 0.43596059113300495
4 0.548202614379085 0.6933497536945813 0.27941176470588236 0.43103448275862066
4 0.7687908496732027 0.33251231527093594 0.3137254901960784 0.4876847290640394