11 0.3973105134474328 0.5441176470588235 0.58679706601467 0.3872549019607843
11 0.5073349633251834 0.7271241830065359 0.4400977995110024 0.3022875816993464
11 0.5464547677261614 0.8071895424836601 0.29095354523227385 0.14869281045751634
11 0.2139364303178484 0.8251633986928104 0.21515892420537897 0.2369281045751634
11 0.08312958435207823 0.5972222222222222 0.16625916870415647 0.29901960784313725
11 0.15158924205378974 0.42320261437908496 0.30317848410757947 0.32679738562091504
11 0.33374083129584353 0.3831699346405229 0.3080684596577017 0.1650326797385621
11 0.6907090464547677 0.27205882352941174 0.39364303178484106 0.19607843137254902
11 0.6442542787286064 0.190359477124183 0.2078239608801956 0.16013071895424835
11 0.4792176039119804 0.25245098039215685 0.34474327628361856 0.2042483660130719
11 0.7652811735941321 0.6380718954248366 0.19559902200489 0.12745098039215685
11 0.6980440097799511 0.5383986928104575 0.23227383863080683 0.16830065359477125
11 0.7677261613691931 0.45179738562091504 0.4547677261613692 0.3660130718954248
11 0.2665036674816626 0.7883986928104575 0.2396088019559902 0.21405228758169934
11 0.4278728606356968 0.43137254901960786 0.15158924205378974 0.10784313725490197
11 0.3422982885085575 0.5964052287581699 0.21515892420537897 0.18627450980392157
11 0.4902200488997555 0.6209150326797386 0.20293398533007334 0.16830065359477125
11 0.02444987775061125 0.3562091503267974 0.0488997555012225 0.13398692810457516