2 0.7598039215686274 0.2757255936675462 0.17483660130718953 0.2849604221635884
2 0.380718954248366 0.18865435356200527 0.28431372549019607 0.37730870712401055
2 0.4387254901960784 0.2994722955145119 0.3709150326797386 0.5989445910290238
2 0.6397058823529411 0.49868073878627966 0.42320261437908496 0.6200527704485488
2 0.6274509803921569 0.7084432717678101 0.29411764705882354 0.46965699208443273
2 0.5334967320261438 0.8891820580474934 0.2107843137254902 0.21635883905013192
2 0.41911764705882354 0.895778364116095 0.2630718954248366 0.20316622691292877
2 0.2900326797385621 0.5844327176781002 0.19444444444444445 0.3113456464379947
2 0.2042483660130719 0.48812664907651715 0.24509803921568626 0.5699208443271768
2 0.22712418300653595 0.7269129287598944 0.16993464052287582 0.2612137203166227
2 0.30718954248366015 0.8245382585751979 0.17973856209150327 0.23746701846965698
2 0.6421568627450981 0.19393139841688653 0.24509803921568626 0.3641160949868074