11 0.6348039215686274 0.6200980392156863 0.7107843137254902 0.7549019607843137
11 0.4076797385620915 0.5404411764705882 0.7467320261437909 0.875
11 0.7794117647058824 0.09926470588235294 0.24509803921568626 0.19852941176470587
11 0.2581699346405229 0.4375 0.5163398692810458 0.7720588235294118
11 0.5261437908496732 0.6642156862745098 0.6437908496732027 0.6666666666666666
11 0.48284313725490197 0.9411764705882353 0.2434640522875817 0.11274509803921569
11 0.6070261437908496 0.17647058823529413 0.5016339869281046 0.35294117647058826
11 0.375 0.13112745098039216 0.2434640522875817 0.2622549019607843
11 0.13562091503267973 0.6090686274509803 0.27124183006535946 0.44362745098039214
11 0.1968954248366013 0.8799019607843137 0.25326797385620914 0.23529411764705882
11 0.30637254901960786 0.7659313725490197 0.4493464052287582 0.4632352941176471
11 0.39950980392156865 0.9546568627450981 0.3709150326797386 0.0857843137254902
11 0.03431372549019608 0.5098039215686274 0.06862745098039216 0.21568627450980393
11 0.6650326797385621 0.2426470588235294 0.42483660130718953 0.4852941176470588
11 0.8880718954248366 0.24877450980392157 0.22058823529411764 0.3897058823529412
11 0.875 0.5428921568627451 0.24673202614379086 0.4338235294117647