11 0.3888888888888889 0.5032679738562091 0.3954248366013072 0.4923747276688453
11 0.6176470588235294 0.1318082788671024 0.3006535947712418 0.2636165577342048
11 0.3872549019607843 0.16775599128540306 0.3660130718954248 0.3355119825708061
11 0.5032679738562091 0.10130718954248366 0.3431372549019608 0.20261437908496732
11 0.4812091503267974 0.2113289760348584 0.4035947712418301 0.4226579520697168
11 0.25 0.18736383442265794 0.13725490196078433 0.1830065359477124
11 0.5400326797385621 0.28322440087145967 0.44607843137254904 0.4923747276688453
11 0.5555555555555556 0.30610021786492375 0.26143790849673204 0.3660130718954248
11 0.7230392156862745 0.15359477124183007 0.16013071895424835 0.22875816993464052
11 0.5874183006535948 0.11328976034858387 0.2369281045751634 0.22657952069716775
11 0.803921568627451 0.3638344226579521 0.17647058823529413 0.289760348583878
11 0.8700980392156863 0.673202614379085 0.2565359477124183 0.3311546840958606
11 0.7785947712418301 0.8137254901960784 0.18790849673202614 0.19172113289760348
11 0.684640522875817 0.6764705882352942 0.28104575163398693 0.485838779956427
11 0.630718954248366 0.8159041394335512 0.22875816993464052 0.3355119825708061
11 0.4297385620915033 0.7222222222222222 0.27450980392156865 0.42701525054466233
11 0.2581699346405229 0.6470588235294118 0.19607843137254902 0.30501089324618735
11 0.31862745098039214 0.7973856209150327 0.3235294117647059 0.4008714596949891
11 0.46977124183006536 0.9019607843137255 0.18137254901960784 0.19172113289760348
11 0.40931372549019607 0.9553376906318083 0.21405228758169934 0.08496732026143791
11 0.05310457516339869 0.3213507625272331 0.10620915032679738 0.15904139433551198
11 0.14133986928104575 0.34967320261437906 0.19444444444444445 0.31808278867102396
11 0.22058823529411764 0.3093681917211329 0.17973856209150327 0.32679738562091504
11 0.7279411764705882 0.5871459694989106 0.16013071895424835 0.24618736383442266
11 0.4918300653594771 0.4760348583877996 0.23202614379084968 0.2679738562091503