11 0.6094771241830066 0.5294117647058824 0.369281045751634 0.43137254901960786
11 0.30800653594771243 0.8507625272331155 0.2630718954248366 0.29411764705882354
11 0.5490196078431373 0.8627450980392157 0.35947712418300654 0.2701525054466231
11 0.41748366013071897 0.9095860566448801 0.3415032679738562 0.17647058823529413
11 0.46405228758169936 0.8028322440087146 0.3790849673202614 0.3899782135076253
11 0.6911764705882353 0.8779956427015251 0.12418300653594772 0.16339869281045752
11 0.42401960784313725 0.6993464052287581 0.4362745098039216 0.40305010893246185
11 0.4125816993464052 0.6721132897603486 0.23039215686274508 0.33769063180827885
11 0.2246732026143791 0.7712418300653595 0.14052287581699346 0.21350762527233116
11 0.3431372549019608 0.8769063180827886 0.21895424836601307 0.24183006535947713
11 0.18137254901960784 0.5413943355119826 0.14215686274509803 0.28540305010893247
11 0.1642156862745098 0.22004357298474944 0.24673202614379086 0.29193899782135074
11 0.28104575163398693 0.10893246187363835 0.18790849673202614 0.1503267973856209
11 0.34967320261437906 0.27233115468409586 0.22058823529411764 0.4880174291938998
11 0.4264705882352941 0.1568627450980392 0.19934640522875818 0.3137254901960784
11 0.6062091503267973 0.30392156862745096 0.23039215686274508 0.4095860566448802
11 0.7606209150326797 0.42919389978213507 0.1650326797385621 0.29411764705882354
11 0.7401960784313726 0.23311546840958605 0.26143790849673204 0.4662309368191721
11 0.6053921568627451 0.1056644880174292 0.15196078431372548 0.2113289760348584
11 0.6797385620915033 0.05555555555555555 0.20261437908496732 0.1111111111111111
11 0.9093137254901961 0.8082788671023965 0.09967320261437909 0.14161220043572983
11 0.8243464052287581 0.7527233115468409 0.1568627450980392 0.3093681917211329
11 0.7401960784313726 0.7679738562091504 0.13562091503267973 0.3289760348583878
11 0.29248366013071897 0.3464052287581699 0.13562091503267973 0.23529411764705882
11 0.5040849673202614 0.5250544662309368 0.2238562091503268 0.22440087145969498