11 0.49287410926365793 0.5049019607843137 0.44655581947743467 0.5849673202614379
11 0.7589073634204275 0.4991830065359477 0.4513064133016627 0.5718954248366013
11 0.9513064133016627 0.7516339869281046 0.09263657957244656 0.3562091503267974
11 0.8954869358669834 0.8300653594771242 0.2042755344418052 0.24836601307189543
11 0.6959619952494062 0.7875816993464052 0.31353919239904987 0.39052287581699346
11 0.5938242280285035 0.8276143790849673 0.29453681710213775 0.3415032679738562
11 0.838479809976247 0.2973856209150327 0.3182897862232779 0.5947712418300654
11 0.7541567695961995 0.21977124183006536 0.44418052256532065 0.4395424836601307
11 0.3693586698337292 0.7091503267973857 0.41092636579572445 0.5032679738562091
11 0.22565320665083136 0.7450980392156863 0.4513064133016627 0.5065359477124183
11 0.15558194774346792 0.7630718954248366 0.27315914489311166 0.38562091503267976
11 0.2339667458432304 0.9599673202614379 0.19714964370546317 0.07679738562091504
11 0.08669833729216152 0.2973856209150327 0.17339667458432304 0.47058823529411764
11 0.11520190023752969 0.2581699346405229 0.23040380047505937 0.4150326797385621
11 0.24109263657957244 0.26552287581699346 0.2992874109263658 0.45588235294117646
11 0.3919239904988123 0.12990196078431374 0.28978622327790976 0.25980392156862747
11 0.5296912114014252 0.29248366013071897 0.3990498812351544 0.5849673202614379