7 0.5612745098039216 0.3474945533769063 0.35130718954248363 0.45751633986928103
7 0.33088235294117646 0.25054466230936817 0.28594771241830064 0.3747276688453159
7 0.15196078431372548 0.5675381263616558 0.30392156862745096 0.4074074074074074
7 0.3382352941176471 0.8736383442265795 0.2777777777777778 0.24836601307189543
7 0.4117647058823529 0.144880174291939 0.27450980392156865 0.289760348583878
7 0.21486928104575165 0.29411764705882354 0.19934640522875818 0.2701525054466231
7 0.4493464052287582 0.04139433551198257 0.20588235294117646 0.08278867102396514
7 0.5416666666666666 0.06971677559912855 0.22058823529411764 0.1394335511982571
7 0.684640522875817 0.10021786492374728 0.19281045751633988 0.20043572984749455
7 0.6446078431372549 0.19498910675381265 0.3022875816993464 0.3899782135076253
7 0.8259803921568627 0.32788671023965144 0.272875816993464 0.35076252723311546
7 0.7271241830065359 0.44880174291938996 0.21568627450980393 0.2875816993464052
7 0.6339869281045751 0.5958605664488017 0.22875816993464052 0.3028322440087146
7 0.45179738562091504 0.514161220043573 0.2875816993464052 0.3769063180827887
7 0.3790849673202614 0.6862745098039216 0.28594771241830064 0.37254901960784315
7 0.4076797385620915 0.8333333333333334 0.37745098039215685 0.3289760348583878
7 0.8611111111111112 0.46296296296296297 0.27450980392156865 0.39433551198257083
7 0.7875816993464052 0.6176470588235294 0.2369281045751634 0.3115468409586057
7 0.6781045751633987 0.7309368191721133 0.28594771241830064 0.37254901960784315
7 0.548202614379085 0.8997821350762527 0.25 0.19607843137254902
7 0.477124183006536 0.9564270152505446 0.22875816993464052 0.08278867102396514
7 0.5408496732026143 0.7821350762527233 0.24019607843137256 0.3137254901960784
7 0.9248366013071896 0.4019607843137255 0.14705882352941177 0.22440087145969498