11 0.8480392156862745 0.8455882352941176 0.3006535947712418 0.28431372549019607
11 0.8602941176470589 0.6397058823529411 0.15196078431372548 0.4117647058823529
11 0.8986928104575164 0.4522058823529412 0.16176470588235295 0.4387254901960784
11 0.7598039215686274 0.5980392156862745 0.184640522875817 0.7058823529411765
11 0.6062091503267973 0.6446078431372549 0.17320261437908496 0.7034313725490197
11 0.4542483660130719 0.7169117647058824 0.19117647058823528 0.5367647058823529
11 0.5759803921568627 0.17279411764705882 0.2549019607843137 0.2916666666666667
11 0.380718954248366 0.33700980392156865 0.09967320261437909 0.2696078431372549
11 0.309640522875817 0.7022058823529411 0.2434640522875817 0.5906862745098039
11 0.10947712418300654 0.6286764705882353 0.17647058823529413 0.5367647058823529
11 0.24183006535947713 0.5367647058823529 0.17320261437908496 0.4852941176470588
11 0.08415032679738563 0.8161764705882353 0.14869281045751634 0.3627450980392157
11 0.042483660130718956 0.47549019607843135 0.08496732026143791 0.6666666666666666