11 0.12990196078431374 0.44476744186046513 0.1895424836601307 0.36627906976744184
11 0.16584967320261437 0.6438953488372093 0.12745098039215685 0.4273255813953488
11 0.2704248366013072 0.5116279069767442 0.10947712418300654 0.6744186046511628
11 0.40604575163398693 0.3808139534883721 0.10947712418300654 0.5319767441860465
11 0.35130718954248363 0.561046511627907 0.09640522875816994 0.6511627906976745
11 0.4714052287581699 0.34593023255813954 0.12745098039215685 0.5058139534883721
11 0.49019607843137253 0.6875 0.10784313725490197 0.2616279069767442
11 0.579248366013072 0.45494186046511625 0.14052287581699346 0.6744186046511628
11 0.670751633986928 0.4752906976744186 0.10784313725490197 0.5581395348837209
11 0.803921568627451 0.4694767441860465 0.16830065359477125 0.5901162790697675
11 0.8586601307189542 0.625 0.12581699346405228 0.4563953488372093
11 0.7238562091503268 0.5377906976744186 0.0718954248366013 0.31976744186046513