11 0.3202614379084967 0.14923747276688454 0.43790849673202614 0.2984749455337691
11 0.5383986928104575 0.07407407407407407 0.2565359477124183 0.14814814814814814
11 0.5751633986928104 0.1830065359477124 0.30718954248366015 0.3660130718954248
11 0.6617647058823529 0.3997821350762527 0.41830065359477125 0.4335511982570806
11 0.3562091503267974 0.55119825708061 0.5 0.49673202614379086
11 0.46977124183006536 0.7298474945533769 0.5931372549019608 0.5359477124183006
11 0.8055555555555556 0.6198257080610022 0.31209150326797386 0.3812636165577342
11 0.8464052287581699 0.7200435729847494 0.29411764705882354 0.3355119825708061
11 0.869281045751634 0.8017429193899782 0.24836601307189543 0.18082788671023964
11 0.5923202614379085 0.855119825708061 0.4493464052287582 0.28540305010893247
11 0.12009803921568628 0.2581699346405229 0.23202614379084968 0.2440087145969499
11 0.2826797385620915 0.3148148148148148 0.5522875816993464 0.6296296296296297
11 0.6274509803921569 0.042483660130718956 0.2222222222222222 0.08496732026143791
11 0.46568627450980393 0.8976034858387799 0.4084967320261438 0.20043572984749455
11 0.7001633986928104 0.11655773420479303 0.19117647058823528 0.23311546840958605
11 0.744281045751634 0.3028322440087146 0.22712418300653595 0.28540305010893247
11 0.7933006535947712 0.5130718954248366 0.26633986928104575 0.3159041394335512