11 0.7287581699346405 0.5351307189542484 0.5381263616557734 0.5441176470588235
11 0.5392156862745098 0.7450980392156863 0.6862745098039216 0.4820261437908497
11 0.4422657952069717 0.6413398692810458 0.7952069716775599 0.5294117647058824
11 0.275599128540305 0.41911764705882354 0.55119825708061 0.5179738562091504
11 0.340958605664488 0.33986928104575165 0.681917211328976 0.5261437908496732
11 0.42810457516339867 0.2312091503267974 0.44880174291938996 0.3333333333333333
11 0.6132897603485838 0.10866013071895425 0.26143790849673204 0.21568627450980393
11 0.6928104575163399 0.352124183006536 0.4444444444444444 0.3790849673202614
11 0.8845315904139434 0.5351307189542484 0.22657952069716775 0.35130718954248363
11 0.8224400871459695 0.21977124183006536 0.1437908496732026 0.14052287581699346
11 0.7037037037037037 0.10866013071895425 0.23965141612200436 0.2173202614379085
11 0.3137254901960784 0.8995098039215687 0.23529411764705882 0.1977124183006536
11 0.20588235294117646 0.6356209150326797 0.3660130718954248 0.25