12 0.33578431372549017 0.7264150943396226 0.15359477124183007 0.3238993710691824
12 0.38562091503267976 0.8223270440251572 0.19117647058823528 0.34276729559748426
12 0.4199346405228758 0.8883647798742138 0.1895424836601307 0.2169811320754717
12 0.49264705882352944 0.7248427672955975 0.2549019607843137 0.4968553459119497
12 0.4877450980392157 0.550314465408805 0.22875816993464052 0.44654088050314467
12 0.41830065359477125 0.4811320754716981 0.16993464052287582 0.3584905660377358
12 0.5996732026143791 0.44025157232704404 0.2581699346405229 0.4968553459119497
12 0.6609477124183006 0.2028301886792453 0.20588235294117646 0.3333333333333333
12 0.565359477124183 0.0660377358490566 0.1111111111111111 0.1320754716981132
12 0.5874183006535948 0.26572327044025157 0.23202614379084968 0.44025157232704404
12 0.5138888888888888 0.21226415094339623 0.1715686274509804 0.36477987421383645
12 0.4477124183006536 0.2531446540880503 0.1454248366013072 0.3081761006289308