4 0.6944444444444444 0.5968137254901961 0.31862745098039214 0.49264705882352944
4 0.6119281045751634 0.7745098039215687 0.2908496732026144 0.36519607843137253
4 0.4133986928104575 0.3909313725490196 0.315359477124183 0.5465686274509803
4 0.3235294117647059 0.7156862745098039 0.3137254901960784 0.4264705882352941
4 0.6143790849673203 0.1556372549019608 0.3562091503267974 0.3112745098039216
4 0.7205882352941176 0.30514705882352944 0.2761437908496732 0.49019607843137253
4 0.6993464052287581 0.5857843137254902 0.3137254901960784 0.5024509803921569
4 0.3880718954248366 0.04779411764705882 0.24019607843137256 0.09558823529411764
4 0.4068627450980392 0.24754901960784315 0.29411764705882354 0.4950980392156863
4 0.21650326797385622 0.6029411764705882 0.25163398692810457 0.47058823529411764
4 0.4616013071895425 0.8161764705882353 0.1977124183006536 0.3627450980392157