11 0.49049881235154397 0.49754901960784315 0.831353919239905 0.4526143790849673
11 0.5855106888361045 0.6683006535947712 0.8171021377672208 0.45098039215686275
11 0.42161520190023755 0.8831699346405228 0.30641330166270786 0.17973856209150327
11 0.28028503562945367 0.8406862745098039 0.1876484560570071 0.14869281045751634
11 0.26247030878859856 0.6813725490196079 0.3752969121140142 0.23202614379084968
11 0.17220902612826602 0.6266339869281046 0.31353919239904987 0.20261437908496732
11 0.7446555819477435 0.6911764705882353 0.505938242280285 0.35947712418300654
11 0.8194774346793349 0.6021241830065359 0.35629453681710216 0.34477124183006536
11 0.2672209026128266 0.4624183006535948 0.5344418052256532 0.3660130718954248
11 0.21971496437054633 0.3709150326797386 0.43942992874109266 0.37254901960784315
11 0.1496437054631829 0.34967320261437906 0.2992874109263658 0.2679738562091503
11 0.5225653206650831 0.15931372549019607 0.46080760095011875 0.25980392156862747
11 0.5902612826603325 0.17320261437908496 0.4085510688836104 0.2581699346405229
11 0.6460807600950119 0.29411764705882354 0.4513064133016627 0.25163398692810457
11 0.8812351543942993 0.34967320261437906 0.21377672209026127 0.16993464052287582
11 0.6935866983372921 0.48937908496732024 0.6080760095011877 0.3545751633986928