146 0.78 0.4225 0.635 0.425 0.5225 0.3175 0.29 0.3175 0.3175 0.47750000000000004 0.385 0.6174999999999999 0.3675 0.7675 0.3625 0.9075 0.4525 0.8875 0.47000000000000003 0.875 0.9125 0.6975 0.8550000000000001 0.5475 0.9025000000000001 0.425 0.78 0.4225
140 0.05 0.745 0.18 0.875 0.3325 0.8675 0.4 0.75 0.3825 0.575 0.2525 0.4 0.0375 0.3025 0.0125 0.3125 0 0.5425 0.05 0.745
146 0.8675 0.5925 0.8875 0.5275000000000001 0.8699999999999999 0.445 0.8225 0.4175 0.7625 0.4525 0.7025 0.4425 0.6075 0.40499999999999997 0.4175 0.325 0.3025 0.28500000000000003 0.255 0.3675 0.32 0.48 0.4025 0.7150000000000001 0.425 0.8949999999999999 0.8525 0.7474999999999999 0.885 0.74 0.9125 0.6525000000000001 0.8675 0.5925
178 0.3125 0.1925 0.4025 0.1625 0.43499999999999994 0.175 0.425 0.3025 0.4625 0.355 0.575 0.355 0.6075 0.3175 0.63 0.3 0.6675 0.2425 0.6625 0.19 0.5875 0.1675 0.52 0.145 0.46749999999999997 0.1 0.31 0.175 0.2125 0.1975 0.11750000000000001 0.2625 0.15 0.3325 0.265 0.355 0.2625 0.28250000000000003 0.26 0.27749999999999997 0.26 0.24 0.3125 0.1925
496 0.8550000000000001 0.29500000000000004 0.9125 0.3625 0.9650000000000001 0.3675 0.9800000000000001 0.335 0.9775 0.27749999999999997 0.9099999999999999 0.26749999999999996 0.835 0.2725 0.7325 0.24 0.705 0.21749999999999997 0.6925 0.21000000000000002 0.6275000000000001 0.4 0.7125 0.42000000000000004 0.7625 0.28250000000000003 0.8550000000000001 0.29500000000000004
35 0.42833333281249997 0.1633333328125 0.5834374999999999 0.23781249999999998 0.6546875 0.2815625 0.5925 0.3675 0.6005 0.36 0.6033333328125 0.3741666671875 0.625 0.3875 0.7474999999999999 0.3275 0.805 0.335 0.8300000000000001 0.34249999999999997 0.8800000000000001 0.4 0.8825 0.44749999999999995 0.9475 0.4425 0.9324999999999999 0.4 0.8825 0.3025 0.7825 0.27749999999999997 0.755 0.2525 0.6825 0.27749999999999997 0.67 0.28500000000000003 0.5745312499999999 0.23234375 0.44984375 0.15578125 0.44000000000000006 0.16 0.4409375 0.15031250000000002 0.43203125 0.14484375 0.43624999999999997 0.13874999999999998 0.4325 0.11750000000000001 0.39875 0.11750000000000001 0.39640624999999996 0.12296875 0.3875 0.11750000000000001 0.3775 0.1075 0.1583695640625 0.1645652171875 0.1375 0.16999999999999998 0.1825 0.2 0.37 0.18 0.42833333281249997 0.1633333328125
464 0.4425 0.23500000000000001 0.4425 0.1875 0.5450862062499999 0.1625 0.665 0.17250000000000001 0.6733333328125 0.1661111109375 0.6738888890625 0.17861111093749998 0.745 0.22749999999999998 0.7875 0.195 0.78 0.14250000000000002 0.7575000000000001 0.11750000000000001 0.74 0.11499999999999999 0.7316666671875 0.1213888890625 0.7297413796875001 0.11750000000000001 0.7233333328125 0.1277777765625 0.7194827578125 0.12 0.5553448265625 0.16 0.45 0.16499999999999998 0.355 0.14250000000000002 0.35 0.1535 0.32999999999999996 0.1975 0.3825 0.27 0.42000000000000004 0.27749999999999997 0.4425 0.23500000000000001
289 0.8712500000000001 0.55125 0.87898148125 0.5527777765625 0.8800000000000001 0.5625 0.8882407421874999 0.5576388890625 0.8975 0.5625 0.9625 0.55 0.9675 0.4925 0.925 0.4575 0.8474999999999999 0.475 0.85 0.5075000000000001 0.8625 0.54 0.8604629625 0.54305555625 0.5178703703124999 0.36319444375 0.41 0.29 0.4125 0.27749999999999997 0.4125 0.2475 0.2875 0.1875 0.275 0.28500000000000003 0.36 0.2975 0.3975 0.3 0.8712500000000001 0.55125
140 0.1 0.7875 0.24 0.86 0.3725 0.8150000000000001 0.4125 0.72 0.37 0.5725 0.33999999999999997 0.52 0.335 0.5175 0.15 0.3175 0.02 0.315 0.0225 0.5375 0.1 0.7875
178 0.5025000000000001 0.305 0.545 0.3525 0.5825 0.35750000000000004 0.6425 0.2925 0.6825 0.215 0.775 0.255 0.8150000000000001 0.3075 0.885 0.3625 0.9550000000000001 0.3675 0.9800000000000001 0.3275 0.9775 0.265 0.9550000000000001 0.2575 0.8675 0.26 0.7875 0.24 0.6599999999999999 0.20249999999999999 0.64 0.14750000000000002 0.605 0.16 0.51 0.1375 0.4525 0.13 0.4525 0.2 0.3 0.195 0.21000000000000002 0.22000000000000003 0.125 0.27 0.15 0.315 0.22000000000000003 0.36 0.22749999999999998 0.395 0.31 0.315 0.26749999999999996 0.2125 0.4 0.2325 0.5025000000000001 0.305
496 0.7275 0.2625 0.8775000000000001 0.365 0.9475 0.375 0.9824999999999999 0.33999999999999997 0.975 0.2425 0.6849999999999999 0.22000000000000003 0.6275000000000001 0.40750000000000003 0.6725 0.44000000000000006 0.79 0.355 0.7275 0.2625
464 0.44749999999999995 0.22749999999999998 0.4525 0.195 0.5667500000000001 0.179125 0.6497499999999999 0.187625 0.6575 0.185 0.6601250000000001 0.1886875 0.6666666671875 0.19083333281249998 0.6705 0.18975 0.6758333328125 0.1966666671875 0.680875 0.1908125 0.6912499999999999 0.191875 0.6849999999999999 0.20249999999999999 0.7125 0.22000000000000003 0.77 0.21749999999999997 0.763875 0.1993125 0.77425 0.20037500000000003 0.7825 0.21000000000000002 0.784625 0.2014375 0.795 0.20249999999999999 0.8375 0.1975 0.745 0.1125 0.67 0.1275 0.6599999999999999 0.17350000000000002 0.556375 0.17806249999999998 0.44225000000000003 0.166375 0.4375 0.175 0.43187499999999995 0.1653125 0.4215 0.16425 0.41875 0.16125 0.411125 0.16318749999999999 0.40750000000000003 0.1575 0.40075000000000005 0.16212500000000002 0.38 0.16 0.35562499999999997 0.1825 0.34750000000000003 0.19 0.375 0.255 0.41 0.26 0.44749999999999995 0.22749999999999998
289 0.397 0.3045 0.4 0.315 0.6660080640625 0.3512096765625 0.9081854828125 0.47282258125 0.9070833328125 0.48 0.8550000000000001 0.4925 0.9175000000000001 0.5825 0.9925 0.5825 0.985 0.515 0.9525 0.48 0.9275 0.4733333328125 0.9175000000000001 0.47750000000000004 0.915 0.47000000000000003 0.6566935484374999 0.34653225781249997 0.35862903125 0.1968548390625 0.34750000000000003 0.2 0.3493145171875 0.19217741875 0.33999999999999997 0.1875 0.3125 0.185 0.2475 0.24500000000000002 0.34249999999999997 0.31 0.38849999999999996 0.314 0.397 0.3045