480 0.04149925 0.6544985328124999 0.6682530828125001 0.85436969375 0.7805180828125 0.795651634375 0.83522224375 0.6637343359375001 0.843432234375 0.643821740625 0.8535034609375 0.4988800109375 0.752762315625 0.22759806875000002 0.07078411875 0.3897316125 0.04149925 0.6544985328124999
480 0.7249687984375 0.8800397999999999 0.8221197390625001 0.608559525 0.855424103125 0.4438800109375 0.741465253125 0.19245239375 0.3077182078125 0.3474703046875 0.10487780937499999 0.41763950312500003 0.11463494375000001 0.6403434484375 0.7249687984375 0.8800397999999999
480 0.8259259078125 0.14091385 0.088747634375 0.37743555781250004 0.080338753125 0.6899646921875 0.7514636125 0.910360284375 0.9017472812499999 0.5519627109374999 0.8259259078125 0.14091385
480 0.8491068593750001 0.481321740625 0.716077465625 0.20216104375000002 0.44752564531249994 0.28907273125 0.0885730296875 0.3824355578125 0.10141724062499999 0.6601977734375 0.7044141234375 0.89480671875 0.8491068593750001 0.481321740625
480 0.732654975 0.8751272046875 0.8684393078125 0.5015548203125 0.8687012140625001 0.49405482031250003 0.7899709781250001 0.23803509531249997 0.6694365859375 0.24663661406249998 0.1394080109375 0.43304739375 0.07535893437499999 0.6173772875 0.732654975 0.8751272046875
480 0.7502692843750001 0.87283115 0.9009615640625 0.5744627109375 0.9039892343749999 0.5594918468750001 0.7700274171875 0.2353020140625 0.1541971515625 0.36819306875 0.11204017656250001 0.4277269078125 0.1342292984375 0.6530765281249999 0.7502692843750001 0.87283115
480 0.741814459375 0.18245239375 0.0772759671875 0.3472898828125 0.07137094375 0.659848153125 0.7097710453125 0.8848649890625 0.8703041546874999 0.591613090625 0.741814459375 0.18245239375
480 0.11842043437500001 0.67540171875 0.75871328125 0.9179476890625 0.81938548125 0.7585886609375 0.8415115921874999 0.698821740625 0.8733003171875 0.43408395625 0.7102840328125 0.22460277343750001 0.1298569859375 0.34790171875000003 0.057975025 0.469615071875 0.11842043437500001 0.67540171875
480 0.1092744125 0.4351977734375 0.141391665625 0.6631639328125 0.6916329265625001 0.90216104375 0.6937875765625 0.9121901796874999 0.768554109375 0.9230642296875 0.7734745249999999 0.9256225 0.8414521875000001 0.62879260625 0.9567097406249999 0.19745800625 0.221714015625 0.3714797140625 0.1092744125 0.4351977734375
480 0.7190007609375 0.9074815296875001 0.79769588125 0.8058555796875 0.8467218093750001 0.621350875 0.8180372296874999 0.22335557968750003 0.2936553796875 0.3197954953125 0.11291319531249999 0.40272690781250003 0.1201664734375 0.62540171875 0.7190007609375 0.9074815296875001
480 0 0.6378783453125 0.6940494828125 0.9046901796875 0.721591921875 0.9050106640625 0.8311469515625 0.7087052 0.8313215546875 0.7037052 0.8380438031249999 0.5112052 0.7183194171875 0.2096901796875 0.06580430000000001 0.3171442078125 0 0.5907189578125001 0 0.6378783453125
480 0.13416628749999998 0.36795998750000003 0.07815259531249999 0.5373772875 0.17574726406250002 0.6835718234375 0.7069179812499999 0.8948358546874999 0.839269640625 0.69129260625 0.8498088828125001 0.6764091453125001 0.885180596875 0.524258765625 0.8177753234375 0.23085557968749998 0.6480367874999999 0.2138743984375 0.40280540781249996 0.2785483015625 0.13416628749999998 0.36795998750000003
480 0.16410099218750002 0.6584261484375 0.6903512953125001 0.8671319093750001 0.804826740625 0.673384715625 0.81777893125 0.4459429859375 0.708216684375 0.21207363906249999 0.565468878125 0.282942078125 0.1295077796875 0.35790171875 0.060014475 0.5546733421875001 0.16410099218750002 0.6584261484375
480 0.6743678265625 0.8944570984375 0.793910390625 0.770797309375 0.90125136875 0.49443357656250003 0.734215584375 0.18486498906249998 0.3930518828125 0.27093176093750004 0.083041503125 0.3973772875 0.11824583125000002 0.68040171875 0.6743678265625 0.8944570984375
480 0.8191514734374999 0.6935595250000001 0.8474481234375 0.528821740625 0.7764598609375 0.12283115 0.10973881875 0.3501686375 0.09588571093750001 0.675139503125 0.71565178125 0.8599232593749999 0.8191514734374999 0.6935595250000001
480 0.8738871421875001 0.7042004953125 0.8475912203125 0.3812634703125 0.7790231234375 0.1928894203125 0.0761410421875 0.37978988281250003 0.0777475921875 0.6924355578125 0.705199840625 0.87230671875 0.8738871421875001 0.7042004953125
480 0.097774846875 0.47758123281250003 0.1060757484375 0.6702560421875 0.7039776125 0.9073067187499999 0.7817124109375 0.8331807703124999 0.8400553578125001 0.66879260625 0.8872164390625 0.39422963125 0.6966577140625 0.1844279640625 0.5017654015625 0.24218456718749998 0.14339600156250001 0.390576528125 0.097774846875 0.47758123281250003
480 0.8477136359375 0.7364091453125 0.8567651390625001 0.54893828125 0.7372432546875001 0.169894125 0.09454106875 0.354993828125 0.09547710000000001 0.6151103671875 0.6879347390625 0.8646027734375 0.8477136359375 0.7364091453125
480 0.006822343749999999 0.57156150625 0.1698665265625 0.708513553125 0.6756773546875 0.8569570984375 0.79440630625 0.8283264453125 0.8550506078125 0.74149655 0.860145625 0.7390548203125 0.8785699390625 0.42664222656249995 0.7114189578125 0.19210277343749999 0.11034993281250001 0.3326686375 0.006822343749999999 0.57156150625
480 0.6518331046875 0.8941948843749999 0.8178140468749999 0.8035886609375 0.8634946046875 0.7866130906250001 0.82319165 0.2909429859375 0.6280059234375 0.21364131875 0.1036834796875 0.3801103671875 0.145205053125 0.62569306875 0.6518331046875 0.8941948843749999
480 0.1039174875 0.44513950312499995 0.1629660671875 0.6909261484375 0.6924186437500001 0.87966104375 0.7781015265625 0.7931225000000001 0.8418013953125 0.61879260625 0.8419760000000001 0.61379260625 0.8591501890625001 0.40890914531250006 0.67662685 0.184194884375 0.17673187343750002 0.3684552828125 0.1039174875 0.44513950312499995
480 0.834785734375 0.6762343359375 0.8559758125 0.356350875 0.6493463171875 0.1763743984375 0.0664469203125 0.442202478125 0.081473678125 0.6574646921875 0.6916329265625001 0.90216104375 0.834785734375 0.6762343359375
480 0.6845578625 0.8895736390625 0.846344703125 0.7038800109375 0.8652964390625 0.5915548203125 0.7256563875 0.214777584375 0.150994878125 0.3881639328125 0.1002787046875 0.4776103671875 0.14872863593750002 0.6682513390625 0.6845578625 0.8895736390625
480 0.7393106015625001 0.18242325937499998 0.07890680624999999 0.3723190171875 0.0454872421875 0.6120276671875 0.6959422265625 0.9222193140625 0.8550191 0.5989382812499999 0.7393106015625001 0.18242325937499998
480 0.094020865625 0.5850812328125 0.1756599609375 0.6860718234375 0.7222903359374999 0.8850106640625001 0.8254408203124999 0.7286469296875 0.8313773515625 0.5586469296875001 0.8235408578125 0.2809429859375 0.6976774390625 0.2269570984375 0.3129005265625 0.342528575 0.1004812078125 0.40008123281249997 0.094020865625 0.5850812328125
480 0.6896528796875 0.887131909375 0.8244210953125 0.6861177953125 0.8799388718750001 0.4591713609375 0.7310133109375 0.20483585468749999 0.20808769843750002 0.331304903125 0.08321610625 0.3923772875 0.11038504843750001 0.6903143125 0.6896528796875 0.887131909375
480 0.1230789421875 0.6854599875 0.6803358625 0.86701536875 0.79883080625 0.7733555796875 0.8268376515625 0.6886469296875 0.827186859375 0.6786469296875 0.8540272734375 0.4838800109375 0.7324101421875 0.1648358546875 0.0851088515625 0.409906421875 0.1230789421875 0.6854599875
480 0.17271959374999998 0.6985426890624999 0.6629834609375 0.8618114234375 0.7952163109375 0.5182099046875 0.7980693765625 0.508239040625 0.7468257859375 0.39759806875 0.62189118125 0.17355391250000002 0.08545805937499999 0.39990642187500003 0.1054925328125 0.6152269078125 0.17271959374999998 0.6985426890624999
480 0.7499371484374999 0.16503980000000001 0.09308483437500001 0.3249646921875 0.0939929671875 0.6576103671875 0.6647016015625 0.8843405593749999 0.86721708125 0.5365548203125 0.7499371484374999 0.16503980000000001
480 0.8202269937500001 0.5910303906250001 0.7826061109375 0.305476825 0.6575563078125 0.156461803125 0.1287220609375 0.38040171875 0.084616546875 0.5674646921875001 0.6914862203125 0.8346319093749999 0.8202269937500001 0.5910303906250001
480 0.6874982296875001 0.8771027734375 0.7769666015625 0.8256225 0.8524243328125 0.386321740625 0.6751427171875 0.226694884375 0.208175 0.328804903125 0.1040920921875 0.440139503125 0.12438847187499999 0.6479599875 0.6874982296875001 0.8771027734375
480 0.706830678125 0.8973358546875 0.7970253640625 0.7533264453124999 0.89310078125 0.58437530625 0.76312695625 0.21771460937499998 0.49693228749999996 0.237126296875 0.1017628375 0.4351103671875 0.09538979843749999 0.6176103671875001 0.706830678125 0.8973358546875
480 0.7204569968750001 0.9375106640625 0.8228496609375 0.7311177953125 0.8841329734375 0.554258765625 0.7378264703124999 0.224923259375 0.22380926250000002 0.31147971406249997 0.08301360468749999 0.46990642187500004 0.160724115625 0.6833970140625001 0.7204569968750001 0.9375106640625
480 0.8675383906249999 0.59908395625 0.7805666609374999 0.2204185546875 0.19737385000000002 0.3511883640625 0.0682523625 0.4622316125 0.098651475 0.6676686375 0.742146596875 0.8902437453125 0.8675383906249999 0.59908395625
480 0.7721055906250001 0.893093365625 0.7997911265625001 0.7458555796875 0.8792998624999999 0.5492004953125 0.7644364859375 0.180214609375 0.112068075 0.3551977734375 0.052094290625 0.4945568015625 0.11486895156250002 0.7053725828124999 0.7721055906250001 0.893093365625
480 0.670058525 0.8743988281249999 0.85114991875 0.781467415625 0.8166125 0.335884715625 0.670484209375 0.2166366140625 0.224507678125 0.2914797140625 0.09192201093749999 0.42999382812500003 0.11248029374999999 0.6303143125 0.670058525 0.8743988281249999
480 0.7028705859375 0.8672775843749999 0.825790028125 0.7186469296875 0.8665465640625 0.48402568593749995 0.7384375828125 0.207423259375 0.175362940625 0.3359261484375 0.0767242578125 0.43481901718750005 0.11574197187499999 0.6803725828125 0.7028705859375 0.8672775843749999
480 0.0725616640625 0.4822898828125 0.10374649375 0.6652269078125 0.71236220625 0.882394125 0.8017711734375 0.760884715625 0.857261053125 0.606467415625 0.8441549374999999 0.3362052 0.7136609093749999 0.199631909375 0.3631522921875 0.338111275 0.095735396875 0.3925229625 0.0725616640625 0.4822898828125
480 0.8463410953125001 0.48879260625 0.7803920578125 0.2254185546875 0.1870965140625 0.3585718234375 0.0872635015625 0.4199355578125 0.112043784375 0.6428143125 0.7105567640625 0.8623649890625 0.8463410953125001 0.48879260625
480 0.7487851515624999 0.9153311499999999 0.804711540625 0.74841385 0.8667211671875 0.4790256859375 0.7727931796874999 0.22783115 0.18010874999999998 0.34348441875 0.10004469687499999 0.4125812328125 0.13818939375 0.6831347984375 0.7487851515624999 0.9153311499999999
480 0.717108015625 0.88995239375 0.81187390625 0.7585012546875001 0.8644792156250001 0.47149655 0.7596906734375 0.1726563390625 0.1444436234375 0.360576528125 0.0895054546875 0.4274646921875 0.10563923906249999 0.6827560421875 0.717108015625 0.88995239375
480 0.8330396953125 0.7262343359375001 0.858364471875 0.4314091453125 0.6894953484374999 0.17434055937499998 0.0838866234375 0.444906421875 0.11513085781250001 0.6978725828125001 0.7216792234375 0.9025106640624999 0.8330396953125 0.7262343359375001
480 0.8647726265625 0.6065548203125 0.7844394515625 0.252976825 0.6778211796875 0.22172401874999997 0.21428974374999998 0.368892309375 0.20838471875 0.6814505796875 0.662372346875 0.8793114234375 0.7979577875 0.7983555796874999 0.8647726265625 0.6065548203125
480 0.1534744453125 0.6758096078125 0.7514636125 0.910360284375 0.8385397171875001 0.5687343359375 0.85539620625 0.5164091453124999 0.767638759375 0.16024374531250002 0.36099764218749997 0.32808214062499996 0.13276945625 0.40795998750000007 0.09733833750000001 0.49008123281250004 0.1534744453125 0.6758096078125
480 0.1809295828125 0.67863009375 0.6747170328125 0.8844570984375 0.8100684640625 0.7384721203125 0.8519599250000001 0.471350875 0.7518298921875 0.182568934375 0.3841434765625 0.31084435625 0.0883984265625 0.3874355578125 0.0831324140625 0.6099646921875 0.1809295828125 0.67863009375
480 0.7147787609375 0.8849232593749999 0.80325530625 0.718384715625 0.869340225 0.4040256859375 0.7087404953124999 0.1970736390625 0.24555826718749998 0.3342419296875 0.088545134375 0.4549646921875 0.13128893125000002 0.66554739375 0.7147787609375 0.8849232593749999
480 0.8588918921875001 0.6314965499999999 0.8025775718749999 0.23568077031249998 0.6327517359375 0.2211995875 0.0759664390625 0.3847898828125 0.076116753125 0.667406421875 0.689390975 0.894631909375 0.8588918921875001 0.6314965499999999
480 0.717369921875 0.8824523937500001 0.7334406921875 0.8526272046875001 0.7963269484375 0.7733264453124999 0.8562098203125 0.4213800109375 0.7506949671875 0.215068934375 0.12959508125000002 0.35540171875 0.128959678125 0.6605182578125001 0.717369921875 0.8824523937500001
480 0.84057916875 0.65379260625 0.847825228125 0.44629260625 0.7475205921875 0.1625106640625 0.0857199640625 0.39240642187499997 0.10753198281250001 0.700285178125 0.76165365 0.905476825 0.84057916875 0.65379260625
480 0.7996165234375 0.7508555796875 0.871379675 0.48908395625 0.76365076875 0.202714609375 0.11783360937500001 0.40528517812500003 0.1263685171875 0.6629891234375 0.6997556125 0.8847484484375 0.7996165234375 0.7508555796875
480 0.09649321718750001 0.4425520984375 0.1499508625 0.6332513390625001 0.7102948578125 0.8698649890624999 0.8000530328125001 0.7383555796875 0.8003149390625 0.7308555796875 0.8381032078124999 0.5812343359375001 0.8422621937500001 0.318676065625 0.7189305312500001 0.19219017968750002 0.150586265625 0.3281347984375 0.09649321718750001 0.4425520984375
480 0.813560540625 0.6384721203125 0.841333378125 0.48873433593750004 0.7267913125 0.182277584375 0.076315646875 0.3747898828125 0.08415213906249999 0.652493828125 0.725754515625 0.8575398 0.813560540625 0.6384721203125
480 0.71987378125 0.8824815296875 0.8144056624999999 0.6860012546875 0.8597613015625001 0.39140914531250004 0.7495600421875 0.247568934375 0.1375431640625 0.3429891234375 0.078355096875 0.459848153125 0.12048778281250001 0.687930853125 0.71987378125 0.8824815296875
480 0.1558037015625 0.6808387437500001 0.7183302421875 0.85495239375 0.8260519343749999 0.7111469296874999 0.828817696875 0.7036760656250001 0.8364687609375 0.3411177953125 0.6734245765625 0.2041657484375 0.147296690625 0.35060566249999997 0.126948125 0.502930853125 0.1558037015625 0.6808387437500001
480 0.793037371875 0.7957973093749999 0.8939143968750001 0.48934617031250005 0.7216089921875 0.1872193140625 0.10254855468749999 0.4126103671875 0.0776602890625 0.6949355578125 0.6918075296875 0.89716104375 0.793037371875 0.7957973093749999