480 0.1656279265625 0.1072495984375 0.087570496875 0.8020309734375 0.15098877187499998 0.8749244968750001 0.9442957140624999 0.721986453125 0.9565230484375 0.29691357812499997 0.6995122734375 0.708058109375 0.52350474375 0.6320087140624999 0.608588796875 0.28988766250000003 0.6279584875 0.1724605359375 0.1656279265625 0.1072495984375
480 0.8087188875000001 0.51112653125 0.6743144734375 0.710412359375 0.5285151828125 0.6320378640625 0.6224552437499999 0.3099751109375 0.636698765625 0.23753341093749997 0.280461059375 0.1579346203125 0.1361776046875 0.1395892734375 0.0356590609375 0.746710325 0.09645638281249999 0.8646038484374999 0.6456220703125 0.7727666109375 0.8280064953125 0.69630143125 0.9138185906249999 0.3416803796875 0.8087188875000001 0.51112653125
480 0.5370762015625 0.4420232890625 0.61546226875 0.21490223749999998 0.0693804609375 0.081681175 0.0593709015625 0.7268415 0.06228684062499999 0.891914375 0.8592937453125 0.7615054796875 0.9391321234375001 0.294311553125 0.8229624093749999 0.43868483124999996 0.6984332625 0.640528959375 0.5590445125 0.6672273375 0.5370762015625 0.4420232890625
480 0.9219166812499999 0.3317241046875 0.7497883703125 0.5332913078125 0.7030367515625 0.690572684375 0.5022981234375 0.6518921140625 0.562359859375 0.3521398875 0.5764278968750001 0.2396836125 0.5682700515625 0.1646107375 0.1629770984375 0.1097350234375 0.0392693953125 0.64169575 0.041046571875 0.654210325 0.11475083593749999 0.8947204484375 0.8682654875000001 0.7365492046875 0.919501090625 0.4592532546875 0.9219166812499999 0.3317241046875
480 0.8046978328125001 0.45108280624999997 0.7548585609375 0.6183496078124999 0.5969438953124999 0.7049605359375 0.528309821875 0.5495087140625 0.6247252265625 0.1849459609375 0.10518157187499999 0.069385225 0.08665565625 0.129297775 0.0732971015625 0.8319580984374999 0.8446992546875001 0.7539180296875 0.9436497562499999 0.43188442812499994 0.9463864390625 0.341869853125 0.8046978328125001 0.45108280624999997
480 0.8279130953125 0.35368483125 0.75413051875 0.6308496078125 0.5745425296875 0.7023293625 0.5062594265625 0.6269066890625 0.5698755171875 0.3521836125 0.6151411765625 0.1773876625 0.13139863125 0.0495309734375 0.0734128328125 0.7869435234375 0.1040019171875 0.9071621484374999 0.872111059375 0.7565783546875 0.9374146968750001 0.366826128125 0.902748578125 0.3166075046875 0.8279130953125 0.35368483125
480 0.8014085906249999 0.59361195625 0.654855153125 0.700295759375 0.5285450578125 0.6745524374999999 0.5415042078125001 0.4520524375 0.6306391921875 0.2124896859375 0.0963554390625 0.09184149999999999 0.01972421875 0.7191083 0.033329325 0.786710325 0.16852530625 0.875026521875 0.9192435218749999 0.721840703125 0.9479881328124999 0.314369853125 0.861033503125 0.30135973125 0.8014085906249999 0.59361195625
480 0.9578074203125 0.446971878125 0.94708460625 0.286855278125 0.8219991312499999 0.32614110625000003 0.7676459984374999 0.5709079078125 0.636123875 0.6776791609374999 0.5615497328125 0.6672419125 0.5455551390625 0.5546107375 0.6326777109374999 0.1774896859375 0.2594859046875 0.0877888703125 0.11115906093750001 0.3970309734375 0.07664609375 0.7744580984375 0.11574021875 0.8347058734375 0.18061457812499998 0.882599396875 0.8392519921874999 0.76138888125 0.9578074203125 0.446971878125
480 0.12179979218749999 0.8597495984375 0.559541090625 0.7447564875 0.8585657031249999 0.7740054796875 0.925504684375 0.614340703125 0.9431830546875 0.396869853125 0.881687565625 0.3339909046875 0.8369147140625 0.37124313125 0.7558778203125 0.6008496078125 0.7226118031250001 0.6556747078125 0.5646672609375 0.6997710625 0.5182030875 0.6369795640625 0.57945956875 0.3597419125 0.62959005625 0.1874751109375 0.1683944859375 0.059749598437499996 0.06825301406249999 0.5743415 0.11288403124999999 0.7546621484375 0.12179979218749999 0.8597495984375
480 0.8520617609375 0.32631600625 0.683752915625 0.720470659375 0.521611834375 0.6645087140625 0.5437182093749999 0.45706701250000004 0.604130915625 0.2373439375 0.62457961875 0.1874459609375 0.19111694375 0.099895346875 0.1419160859375 0.1271184234375 0.046112990625 0.52419575 0.073267225 0.7894435234375 0.071579675 0.9044726734375 0.887870415625 0.7441658046875 0.967126359375 0.286971878125 0.8520617609375 0.32631600625
480 0.7584129140625 0.6433787578125 0.5589287828125 0.7122419125 0.523881815625 0.5394795640625001 0.61546226875 0.21490223749999998 0.10331853906249999 0.1443998 0.06007283906250001 0.8868997999999999 0.08969864375 0.8945746984375 0.8285329499999999 0.81634515625 0.9541074593750001 0.424442728125 0.9257323765625 0.3092386796875 0.8093573031249999 0.37108280625 0.7584129140625 0.6433787578125
480 0.23998191875 0.8529346203125 0.6270662765624999 0.7901645859374999 0.90616486875 0.7742824046875 0.917432696875 0.4517386796875 0.9136729828125001 0.3441803796875 0.8169028359375 0.41364110624999995 0.7318747625 0.6257184328125 0.585321325 0.7324022375 0.514383621875 0.4443921140625 0.6192779625 0.1924168125 0.2852960140625 0.1179491953125 0.1277285453125 0.0695163984375 0.193360821875 0.147424496875 0.07577244375 0.7894580984374999 0.23998191875 0.8529346203125
480 0.728350284375 0.6432038578125 0.5754460578125 0.7298439375 0.5331746515625 0.5520378640625 0.61167645 0.2799022375 0.595099421875 0.1772710625 0.13705125468749998 0.1245892734375 0.0411362 0.78175405 0.0424765515625 0.801768625 0.12448049531250001 0.8997787484374999 0.9098050796875 0.7117824046875 0.9390163906250001 0.339326128125 0.866365034375 0.33890345625 0.728350284375 0.6432038578125
480 0.7393904203125 0.6257621578125 0.617713690625 0.6925771359375 0.5065506421875 0.6219066890625 0.61350960625 0.16237308749999999 0.1189322875 0.13448724843749998 0.06942165312500001 0.769414375 0.13301541249999999 0.882322471875 0.8859476296875 0.7341512296875 0.922850084375 0.40175325468749995 0.9042046625 0.2916075046875 0.793336603125 0.4310099328125 0.7393904203125 0.6257621578125
480 0.38219698125 0.8637653921874999 0.9186909640625001 0.774355278125 0.9442919421875 0.506913578125 0.94079356875 0.35184070312500004 0.8106677781249999 0.34858280625 0.7423623421875 0.6607913078125 0.5629199609375 0.7297710625 0.53975690625 0.4820524375 0.6222498843750001 0.2274459609375 0.188029290625 0.109880771875 0.199536128125 0.127453646875 0.057533971875 0.6292977750000001 0.1201682234375 0.8447350234375 0.38219698125 0.8637653921874999
480 0.5231238984375 0.5094649890625 0.620763921875 0.2099313859375 0.1598595703125 0.0772058734375 0.0665057140625 0.6043415000000001 0.0379925671875 0.9217831999999999 0.926176746875 0.731884428125 0.9441425625000001 0.294340703125 0.8560529406249999 0.34384515625 0.69094748125 0.682999809375 0.5472464593749999 0.6546544625 0.5231238984375 0.5094649890625
480 0.8198448796875001 0.40615568125 0.6905106562500001 0.690499809375 0.508357696875 0.6769358390625 0.6007221687500001 0.2098147875 0.502813259375 0.1267172140625 0.0895678234375 0.079297775 0.1510633125 0.1421767234375 0.11314914375 0.9222204484375001 0.8738583609375 0.7265783546875 0.9520988156250001 0.501957303125 0.948716175 0.30186985312500003 0.8198448796875001 0.40615568125
480 0.9213977718749999 0.6418261281250001 0.9399199171875001 0.366840703125 0.900243359375 0.31659292968749997 0.8200502406249999 0.48868483124999995 0.738225553125 0.6457621578125 0.5692109999999999 0.6647856375 0.5216678140625 0.5344649890625 0.601741428125 0.1923147875 0.6115868203125 0.15235851250000002 0.1028518375 0.109385225 0.08142129687500001 0.6494435234375 0.08902658125 0.7770309734375 0.0674428890625 0.8894435234375001 0.8579533937500001 0.7414909046875 0.9213977718749999 0.6418261281250001
480 0.6747512984374999 0.702912359375 0.5565094187499999 0.6246981875000001 0.5423778578125 0.43705243749999995 0.616160434375 0.1598876625 0.148819434375 0.0946475734375 0.094238609375 0.6445163984375 0.09173716093749999 0.8595746984374999 0.8504377359375 0.7414471796875 0.9569337703125 0.46197187812499996 0.8984661828125 0.3040783546875 0.79383318125 0.5085390828125 0.6747512984374999 0.702912359375
480 0.9249184781249999 0.40926782968750003 0.8965433968750001 0.29406377968749997 0.8033873578125 0.47358280625000004 0.692142225 0.705514384375 0.553742859375 0.6721981875 0.551439228125 0.5396398875 0.5841787890625 0.3647710625 0.6193078390625 0.23493138593750001 0.61350960625 0.16237308749999999 0.11977606249999999 0.0769726734375 0.029946684374999998 0.586622875 0.0617603875 0.77187065 0.1277137578125 0.8872933234374999 0.8822476671875 0.7116220796875 0.9249184781249999 0.40926782968750003
480 0.4904403171875 0.5542900890625 0.601711553125 0.1498002125 0.1193691125 0.1269872484375 0.0564587328125 0.7768415 0.09718442499999999 0.8521038484375 0.8832968031249999 0.7366366546875 0.9298691640625 0.3242678296875 0.8252323921875 0.31365568125 0.7702109687500001 0.6559516328125 0.5705513515625 0.6848002125 0.4904403171875 0.5542900890625