483 0.0700428 0.20168391406250002 0.011873749999999999 0.321377596875 0.0084574421875 0.47908167031250004 0.1063646890625 0.40112281562499996 0.17946101718750002 0.2927046921875 0.20183011562500003 0.31336803281250003 0.2613065109375 0.3984702765625 0.35969373125000004 0.23801142031250003 0.2698973546875 0.21035805624999998 0.21251371093750002 0.195051740625 0.0700428 0.20168391406250002
4 0.08241714375 0.5304598609375 0.165841084375 0.4862250578125 0.2214083234375 0.384235446875 0.231830115625 0.3109191546875 0.18700465156249998 0.28459247187500003 0.1216410359375 0.3523983765625 0.0513501453125 0.4081124265625 0.05075381718750001 0.5106124265624999 0.08241714375 0.5304598609375
257 0.035506559375 0.5543368656250001 0.0350993125 0.624336865625 0.077162975 0.6958676203125 0.161901171875 0.73392913125 0.1798956875 0.64750061875 0.0555792828125 0.5402042796875001 0.035506559375 0.5543368656250001
178 0.4246064625 0.2477055171875 0.4688501453125 0.3740322 0.5612483328125 0.383981490625 0.6111319765625 0.3999000265625 0.6386174312499999 0.40015522031249995 0.774111946875 0.3041352671875 0.7602318796875001 0.11285970625 0.5857700296874999 0.03464483125 0.4253918703125 0.11270551718749999 0.4246064625 0.2477055171875
186 0.785870175 0.43061490156250004 0.7858992640625 0.4256149015625 0.78033658125 0.392992246875 0.6161901546874999 0.3894918796875 0.6356810953124999 0.47535929374999997 0.66477933125 0.6279104156249999 0.7069157171875 0.686941171875 0.8045757078125 0.651482315625 0.8328611140625 0.5142375109375 0.785870175 0.43061490156250004
161 0.3759266859375 0.883878834375 0.4156648828125 0.9256136640625 0.7681648828125 0.8968393406249999 0.8034994093750001 0.8364823156250001 0.8210284984375 0.830053803125 0.394052103125 0.774950321875 0.3759266859375 0.883878834375
109 0.40777384687499996 0.56392995625 0.5431229171874999 0.492910003125 0.4908556296875 0.457195540625 0.42363197656249996 0.41520551718750004 0.331146521875 0.42025622656249995 0.26339926406249997 0.46826620312499995 0.317657490625 0.5912765921875 0.40777384687499996 0.56392995625
236 0.488153671875 0.0626036875 0.40555186093750006 0.086838103125 0.2728482359375 0.13265398281250002 0.26731008749999996 0.22556212968749997 0.4196064625 0.2481136640625 0.5204791375 0.0899507359375 0.488153671875 0.0626036875
80 0.46165558124999995 0.32214441875 0.40469373124999997 0.23433810312499997 0.3523391765625 0.213623640625 0.302048284375 0.2677051046875 0.21121924375 0.417551740625 0.27565200624999997 0.5097458375 0.3558992640625 0.46071549375 0.3836756109375 0.41097068906249995 0.403646521875 0.41433810312499997 0.45342835312499996 0.4477566390625 0.49850107499999996 0.4315833203125 0.563559253125 0.4162774171875 0.46165558124999995 0.32214441875
471 0.2661593984375 0.85285805625 0.3548956875 0.6332154937500001 0.3202302125 0.5785725187499999 0.22995386562500003 0.6334191546875 0.15195935 0.7247454249999999 0.1913921125 0.8189802531250001 0.2312903 0.83321508125 0.2661593984375 0.85285805625
345 0.5473391765625 0.1977059296875 0.574664640625 0.22546112499999998 0.601917384375 0.26571631875 0.6393592046875 0.2726552203125 0.6417864828125001 0.28495114843749997 0.699664640625 0.21525746406250001 0.667470078125 0.165410415625 0.5578918703125 0.10188963749999999 0.500304603125 0.1215833203125 0.5473391765625 0.1977059296875
250 0.1524247765625 0.644745425 0.317570221875 0.6062765921875 0.2981374609375 0.510409178125 0.22095744218750002 0.461735446875 0.11338471875 0.4830105953125 0.11031747968750001 0.58071466875 0.1275847671875 0.61928615625 0.1524247765625 0.644745425