480 0.6950000000000001 0.7875 0.7525000000000001 0.41 0.5725 0.24500000000000002 0.34750000000000003 0.2475 0.265 0.3525 0.185 0.3825 0.3025 0.8275 0.5175 0.9225 0.6575 0.8425 0.6950000000000001 0.7875
480 0.7284999859375 0.77 0.7434999859375 0.3825 0.5684999859375 0.24 0.2909999859375 0.3 0.1834999859375 0.41500000000000004 0.32349998593749996 0.8525 0.5009999859375001 0.9 0.6434999859375 0.86 0.7284999859375 0.77
480 0.7009999859375 0.4575 0.7009999859375 0.315 0.47099998593750003 0.24500000000000002 0.2284999859375 0.355 0.1934999859375 0.48 0.2834999859375 0.7975 0.4884999859375 0.9125 0.7334999859375 0.8425 0.7009999859375 0.4575
480 0.7509999859375001 0.4375 0.6734999859374999 0.2925 0.3484999859375 0.2425 0.1809999859375 0.37 0.1809999859375 0.45999999999999996 0.27349998593749997 0.835 0.46599998593749997 0.9099999999999999 0.7134999859375 0.865 0.7509999859375001 0.4375
480 0.7034999859375 0.825 0.7834999859375 0.3325 0.5909999859374999 0.22999999999999998 0.2934999859375 0.2575 0.2184999859375 0.3975 0.1884999859375 0.395 0.2834999859375 0.8324999999999999 0.4434999859375 0.9125 0.6034999859375 0.905 0.7034999859375 0.825
480 0.7234999859375 0.7825 0.7834999859375 0.335 0.5634999859375001 0.225 0.27349998593749997 0.265 0.22099998593749998 0.385 0.2184999859375 0.4175 0.1934999859375 0.4325 0.2934999859375 0.8150000000000001 0.45349998593749996 0.9 0.6634999859375 0.875 0.7234999859375 0.7825
480 0.7275 0.755 0.7325 0.3625 0.575 0.215 0.3225 0.29 0.26749999999999996 0.35750000000000004 0.265 0.3625 0.225 0.41500000000000004 0.2 0.445 0.275 0.8125 0.45499999999999996 0.9175000000000001 0.67 0.8699999999999999 0.7275 0.755
480 0.75 0.32999999999999996 0.625 0.2475 0.315 0.2725 0.1925 0.3825 0.1925 0.3875 0.1925 0.4175 0.3 0.9199999999999999 0.5875 0.9275 0.725 0.85 0.75 0.32999999999999996
480 0.7150000000000001 0.5825 0.7424999999999999 0.3675 0.5125 0.215 0.22999999999999998 0.3225 0.22999999999999998 0.3275 0.195 0.38 0.305 0.8 0.43499999999999994 0.915 0.6875 0.8400000000000001 0.7150000000000001 0.5825
480 0.73 0.7275 0.675 0.22749999999999998 0.4225 0.25 0.3075 0.3725 0.2225 0.41 0.20249999999999999 0.45499999999999996 0.2925 0.82 0.47000000000000003 0.9125 0.6675 0.8625 0.73 0.7275
480 0.7025 0.835 0.6925 0.5175 0.73 0.39249999999999996 0.615 0.27 0.3775 0.2475 0.27749999999999997 0.385 0.275 0.39 0.21000000000000002 0.4625 0.21749999999999997 0.46749999999999997 0.27749999999999997 0.7675 0.3625 0.8800000000000001 0.635 0.9075 0.7025 0.835