480 0.9074422875 0.474533871875 0.8186981484375 0.26395856875 0.37711705 0.1671847765625 0.3447892875 0.2485820484375 0.2373887828125 0.3359725015625 0.22834195156249998 0.5610889421875 0.3881044859375 0.7334039437500001 0.7672775656249999 0.6583215984375 0.8233687046875 0.61825993125 0.9074422875 0.474533871875
480 0.8430871124999999 0.2837941609375 0.4096606953125 0.16417105 0.291532765625 0.2770272609375 0.223458340625 0.5573218062499999 0.360866359375 0.7256847625 0.7488028156250001 0.692636659375 0.8412760625000001 0.6034448421875 0.8854223890625 0.4590818125 0.8430871124999999 0.2837941609375
480 0.7892509921875 0.24635582656250002 0.474369725 0.17114362656249998 0.3483513296875 0.2119655953125 0.23129529999999998 0.45958892812499996 0.294602984375 0.686328625 0.43710298437499995 0.67969158125 0.8211573296875001 0.6942599171875 0.8982861015625 0.445999615625 0.7892509921875 0.24635582656250002
480 0.8270419625000001 0.2346092359375 0.4547334390625 0.1595751421875 0.3647334390625 0.16376695937500002 0.23235968593749998 0.3372053671875 0.2729031515625 0.6598765796875 0.4156481328125 0.7306230953124999 0.8442392703125 0.6732119640625001 0.8964407859374999 0.4236160546875 0.8270419625000001 0.2346092359375
480 0.89959546875 0.40099961562499997 0.8242509921875 0.24472567500000003 0.3895152109375 0.17010256562499998 0.3911423 0.1999861265625 0.24896002187500002 0.28150673125000003 0.21280365625000003 0.5802875640625 0.309702478125 0.7680135499999999 0.804530240625 0.66507499375 0.8874399437499999 0.5613489328125 0.89959546875 0.40099961562499997
480 0.8556941218749999 0.62274620625 0.8868044984375001 0.4115818125 0.806460021875 0.2555407515625 0.426869725 0.173355975 0.4111423 0.19905461093750001 0.3785695578125 0.2030683234375 0.2570419625 0.2611574125 0.20860382500000002 0.5530204421875 0.312202478125 0.7678971109375 0.7614483 0.6870544625 0.8556941218749999 0.62274620625
480 0.7338319125 0.692335309375 0.850504990625 0.6294790984375 0.9042608515625 0.41226675 0.8044983171875 0.23715720468749998 0.43918059375 0.1792737921875 0.40845316875000004 0.2056710640625 0.3547892875 0.24811629062499999 0.3497165453125 0.2508491703125 0.28061620781249996 0.3089930328125 0.198269209375 0.5649862140625 0.3411864265625 0.715616290625 0.7338319125 0.692335309375
480 0.9104054953125 0.5443009937500001 0.9112708921875001 0.2571503109375 0.41189882187500004 0.173054625 0.381898821875 0.174451896875 0.376898821875 0.1746847765625 0.2633344359375 0.3023081078125 0.2293143578125 0.6134725015625 0.30817722812500004 0.734630003125 0.8289046546875 0.6854106140625 0.9104054953125 0.5443009937500001
480 0.9023427921874999 0.392383190625 0.79112540625 0.2677394015625 0.3743260796875 0.177301215625 0.3208076828125 0.2147464421875 0.3158076828125 0.21497932031250003 0.2000877734375 0.5024862140625 0.34589545625 0.7253834125 0.561695625 0.6878696265625 0.8199957937500001 0.648376371875 0.9023427921874999 0.392383190625
480 0.898824396875 0.4274996296875 0.81148911875 0.2543078859375 0.44910785156250005 0.181308034375 0.40352591093749995 0.20340394375 0.36355266406250003 0.290150534375 0.23770650624999998 0.4108560625 0.20785950625 0.6644040171875 0.70625916875 0.6961161421875001 0.843077734375 0.6273284171875 0.898824396875 0.4274996296875
480 0.4973503078125 0.66839705 0.8145593375000001 0.66360925 0.8890233875 0.5927325078125001 0.8694523265624999 0.32151334062500003 0.7594255750000001 0.2417531125 0.46117139687500003 0.1957258375 0.4563896234375 0.188458715625 0.3819983171875 0.2568354578125 0.376925575 0.2595683375 0.236515871875 0.3659725015625 0.25210532812499997 0.6024245484375 0.37125916875 0.71171901875 0.4973503078125 0.66839705