480 0.8927504015625001 0.145810815625 0.19796902656249998 0.1284549609375 0.125075503125 0.1982054140625 0.278013546875 0.9777562453125 0.7030864218749999 0.9528639109375 0.291941890625 0.7318810484375 0.36799128593749997 0.5493229890625 0.7101123375 0.6044929578125 0.8275394640625 0.6136001515625 0.8927504015625001 0.145810815625
480 0.48887346875000004 0.823837934375 0.28958764062500003 0.7069016 0.3679621359375 0.554333428125 0.6900248890625 0.6201062109375 0.7624665890625 0.6280175546875 0.8420653796875 0.26501096875 0.8604107265625001 0.11919905625 0.253289675 0.071739803125 0.1353961515625 0.142799621875 0.2272333890625 0.6836679718750001 0.30369856875 0.859283515625 0.6583196203125 0.9140897703125 0.48887346875000004 0.823837934375
480 0.5579767109375 0.546299771875 0.7850977625 0.6048158984375 0.9183188250000001 0.0473798390625 0.27315849999999997 0.0937048359375 0.108085625 0.11103194062499999 0.2384945203125 0.8962478921875 0.705688446875 0.9352546343749999 0.56131516875 0.831749278125 0.359471040625 0.7249065609375 0.3327726625 0.5879196734375001 0.5579767109375 0.546299771875
480 0.6682758953125 0.92131445625 0.4667086921875 0.7668725765625 0.309427315625 0.7338770703125 0.34810788593750003 0.5298631765625 0.6478601125 0.5637227953124999 0.7603163875 0.5679650374999999 0.8353892625 0.5532566625 0.8902649765625 0.1433783375 0.35830425 0.0661793953125 0.345789675 0.069048328125 0.10527955156249999 0.16371428593749998 0.2634507953125 0.9030361234375001 0.5407467453125 0.9300347671875 0.6682758953125 0.92131445625
480 0.54891719375 0.81457645625 0.38165039218749996 0.7793667015625 0.2950394640625 0.62909431875 0.4504912859375 0.546922484375 0.8150540390625001 0.6114586453124999 0.9306147749999999 0.0820891953125 0.8707022249999999 0.068803703125 0.1680419015625 0.11680177656249999 0.24608197031249998 0.8809983484374999 0.5681155718750001 0.951781571875 0.658130146875 0.94665761875 0.54891719375 0.81457645625
480 0.64631516875 0.82927603125 0.3691503921875 0.7797304140625 0.2976706375 0.606474603125 0.3730933109375 0.5316409703125 0.6478163875 0.571238453125 0.8226123375000001 0.601219540625 0.9504690265625 0.106559446875 0.21305647656249999 0.1129871921875 0.09283785156249999 0.154057121875 0.2434216453125 0.908628503125 0.633173871875 0.9398693874999999 0.6833924953125 0.9008362484375001 0.64631516875 0.82927603125
480 0.40638804375 0.8237332203125 0.299704240625 0.6865688765625 0.3254475625 0.5580752703125 0.5479475625 0.55160118125 0.7875103140624999 0.619774471875 0.9081585000000001 0.075228221875 0.2808917 0.0534031 0.213289675 0.072903684375 0.124973478125 0.2157419484375 0.278159296875 0.952704053125 0.685630146875 0.9458574515624999 0.69864026875 0.8578110656250001 0.40638804375 0.8237332203125
480 0.553028121875 0.9672493421875 0.713144721875 0.9425520640625 0.6738588937500001 0.8209602046875 0.4290920921875 0.78800546875 0.3223208390625 0.6658724390625 0.3327580875 0.5904248937500001 0.4453892625 0.564604503125 0.8225103140625001 0.6187560750000001 0.9122111296875 0.2379219859375 0.6029690265625 0.1166706640625 0.22554190156249998 0.115128696875 0.1652941265625 0.1594632453125 0.117400603125 0.2284862734375 0.23861111875000002 0.8762061390625 0.553028121875 0.9672493421875
480 0.1402504015625 0.16770632968750002 0.2552435125 0.5951851312499999 0.2259945203125 0.8966116046874999 0.385659296875 0.949576121875 0.603130146875 0.94825795625 0.6660090953125 0.88130369375 0.62875686875 0.8398061046875 0.39915039218750004 0.778857503125 0.3443252921875 0.7503952078125 0.3002289375 0.596380984375 0.3630204359375 0.5444580359375 0.6402580875 0.5814775562500001 0.8125248890625001 0.616541825 0.9402504015625001 0.14442870624999998 0.42565850000000005 0.0892675390625 0.2453378515625 0.14961982499999998 0.1402504015625 0.16770632968750002
480 0.67368399375 0.851022834375 0.279529340625 0.717213446875 0.3354912859375 0.5502686421874999 0.5429329875 0.5542518859375 0.7626560625 0.5954497046875 0.8125540390625 0.6115313875 0.9001046531249999 0.1706447796875 0.8728815765625001 0.1238457828125 0.47580425000000004 0.0627604953125 0.2105564765625 0.11305993437499999 0.0955273265625 0.12141652968750001 0.25583419531249996 0.9232961046874999 0.7130281218750001 0.9625938171874999 0.67368399375 0.851022834375
480 0.3566212421875 0.7851045640625001 0.2877580875 0.591734259375 0.4605204359375 0.541621075 0.7850977625 0.6048158984375 0.8556001999999999 0.08677669375 0.11310020000000001 0.1083812359375 0.1054253015625 0.13866209375 0.18365484375000002 0.8702908171875 0.5755572718749999 0.9615842203125 0.6907613203125 0.92316499375 0.62891719375 0.81224869375 0.3566212421875 0.7851045640625001
480 0.1470653796875 0.285233403125 0.2098354140625 0.6666406359375 0.2257175953125 0.9442107703125 0.5482613203125 0.9273113203125 0.6558196203125 0.9141625140625 0.58635889375 0.8235061953124999 0.3742815671875 0.7570379546875 0.2675977625 0.6198736109375 0.5556078859375 0.52382554375 0.8075831875 0.606666434375 0.8820508046875 0.26635230781249997 0.9304836015625 0.10463616875 0.852575503125 0.17703732656249999 0.2105419015625 0.115565153125 0.1470653796875 0.285233403125
480 0.3567961421875 0.755041934375 0.2701560625 0.6097799921875 0.4479621359375 0.5520056656250001 0.7200977625 0.6067072062500001 0.8227289375 0.5811777859375 0.8754107265625001 0.1187626015625 0.21824595000000002 0.08027385625 0.19823137500000002 0.083361015625 0.10022125156249999 0.1738806484375 0.2882175953125 0.9423922062500001 0.660673871875 0.9390692187499999 0.66109654375 0.8664178625 0.3567961421875 0.755041934375
480 0.3742378421875 0.7645536125 0.30742286406249997 0.648772359375 0.3780933109375 0.5314954843749999 0.8376269125 0.598277865625 0.8655127515625001 0.1015170375 0.23058562500000002 0.1074675546875 0.11767752812500001 0.1808871078125 0.2658487703125 0.920499915625 0.5982467453125 0.9283616875 0.7083924953125 0.9001088234375001 0.5689900671875 0.8014684187500001 0.3742378421875 0.7645536125
480 0.13623460781250002 0.42832186875 0.225644721875 0.956736865625 0.493086421875 0.9589742875 0.6481592968750001 0.9419381515625 0.65141719375 0.8115940109374999 0.3392086921875 0.7705824484375 0.2702289375 0.5972538953125001 0.5179475625000001 0.5524740921875 0.7725540390625001 0.61269526875 0.8901192281249999 0.1684305296875 0.872546353125 0.181465825 0.370702225 0.0833522171875 0.1552649765625 0.164764653125 0.13623460781250002 0.42832186875
480 0.4905350109375 0.5382429453124999 0.7900686140625 0.6096808515625 0.9227941265625 0.137422246875 0.3956585 0.09014045000000001 0.0782168 0.089357878125 0.268115571875 0.96051068125 0.7056592968750001 0.9402650734375 0.65615484375 0.856542471875 0.317000190625 0.7211327468750001 0.34534553749999997 0.5750298640625 0.4905350109375 0.5382429453124999
480 0.59384431875 0.8257931859375001 0.309500190625 0.721350975 0.3230641609375 0.5381062609375 0.7901852125 0.5896390984375001 0.8732827859375 0.48452460625000005 0.920702225 0.0673488515625 0.8578232765625 0.1343031140625 0.07777955156250001 0.16451445468749998 0.2734216453125 0.9077555921875 0.49804269687499997 0.966344459375 0.698130146875 0.9454937375 0.59384431875 0.8257931859375001
480 0.358173871875 0.9478710703125 0.6331592968749999 0.9423746078124999 0.6834070703124999 0.8983310296875 0.51131516875 0.8332041296874999 0.3542378421875 0.765135553125 0.33521436250000003 0.5978678078125 0.4655350109375 0.538970371875 0.8076852125 0.5891299 0.8476414875 0.5954816765625 0.8906147750000001 0.0832530765625 0.3505564765625 0.10898635000000001 0.2229690265625 0.1277275359375 0.1105564765625 0.1159696375 0.2585090953125 0.8931607328125001 0.358173871875 0.9478710703125
480 0.297087640625 0.706683371875 0.3753018125 0.5816726109375 0.5629475625 0.5511647265625 0.8401123374999999 0.60071034375 0.9053524265625 0.12791056875 0.3554836015625 0.12136696093749999 0.1404253015625 0.1376436984375 0.2585528203125 0.885645075 0.538028121875 0.9676857968749999 0.6959216453125 0.8954620984374999 0.4914609171875 0.8087338781250001 0.297087640625 0.706683371875
480 0.5907321703124999 0.9310851343750001 0.7059362203124999 0.8926659078125001 0.52641719375 0.8152311390625 0.29448561562500003 0.7242926484375001 0.3278018125 0.5830547203124999 0.4603601125 0.5691784875 0.6352289375 0.5866334796875 0.7650686140625 0.6104082765625 0.8376269125 0.598277865625 0.9230273265625 0.0973387390625 0.41337712499999996 0.0520529625 0.22812934999999998 0.1000246390625 0.1127066765625 0.1760221546875 0.2883779203125 0.9148347937500001 0.5907321703124999 0.9310851343750001
480 0.4457099109375 0.50948968125 0.8501997875 0.5853880578124999 0.8730127515625 0.10129880937499999 0.22315849999999998 0.0951596875 0.1478961515625 0.142435909375 0.2633633453125 0.9180674390625001 0.6757321703125 0.9286118875 0.68634431875 0.8231017109375 0.3440483671875 0.7979943734375 0.3151997875 0.6009549671875 0.4457099109375 0.50948968125