480 0.37124999999999997 0.5601252609375 0.71375 0.6252609609374999 0.83125 0.63778705625 0.89375 0.17181628437500002 0.19875 0.1342379953125 0.12625 0.2018789140625 0.28375 0.9860125265624999 0.70875 0.9734864296874999 0.29625 0.7405010437499999 0.37124999999999997 0.5601252609375
480 0.49375 0.8382045921874999 0.29375 0.7154488515625 0.37124999999999997 0.5651357 0.69375 0.640292275 0.76625 0.650313153125 0.84375 0.2895615859375 0.8612500000000001 0.144258871875 0.25375000000000003 0.0791231734375 0.13625 0.1467640921875 0.23125 0.6903966593749999 0.30874999999999997 0.8682672234375 0.6637500000000001 0.9334029234375001 0.49375 0.8382045921874999
480 0.36375 0.7354906046874999 0.33625 0.5977035484375001 0.56125 0.5626304796875 0.7887500000000001 0.6277661796875 0.91875 0.074112734375 0.27375 0.101670146875 0.10874999999999999 0.11419624218749999 0.24375 0.9033402921875 0.7112499999999999 0.9559498953125001 0.5662499999999999 0.8482254703125 0.36375 0.7354906046874999
480 0.47125000000000006 0.7805845515625001 0.31375000000000003 0.7430062625 0.35125 0.5400835078124999 0.65125 0.582672234375 0.76375 0.5901878921875 0.8387499999999999 0.5776617953125001 0.89125 0.16931106406250002 0.35875 0.0766179546875 0.34625 0.0791231734375 0.10625 0.1668058453125 0.26875 0.91085595 0.54625 0.94592901875 0.67375 0.9409185796875 0.47125000000000006 0.7805845515625001
480 0.6637500000000001 0.9659707718749999 0.55375 0.8306889359375 0.38625 0.790605428125 0.29874999999999996 0.63778705625 0.45375 0.5601252609375 0.81875 0.6352818375 0.93125 0.109185803125 0.8712500000000001 0.0941544890625 0.16875 0.12171190000000001 0.25125000000000003 0.8883089765625 0.57375 0.9684759921874999 0.6637500000000001 0.9659707718749999
480 0.65125 0.8482254703125 0.37374999999999997 0.790605428125 0.30125 0.6152400828125 0.37625000000000003 0.5425887265625 0.65125 0.5901878921875 0.8262499999999999 0.6252609609374999 0.9512499999999999 0.1342379953125 0.21375000000000002 0.11920668125 0.09375 0.15678496875 0.24874999999999997 0.9158663890625001 0.63875 0.9584551140625001 0.68875 0.9208768265625 0.65125 0.8482254703125
480 0.41125 0.8356993734374999 0.30375 0.6954070984375 0.32875 0.56764091875 0.55125 0.56764091875 0.79125 0.6427974953125 0.9087500000000001 0.101670146875 0.28125 0.061586639062500004 0.21375000000000002 0.0791231734375 0.12625 0.2194154484375 0.28375 0.9609603343750001 0.6912499999999999 0.9659707718749999 0.70375 0.8782881 0.41125 0.8356993734374999
480 0.67875 0.8407098124999999 0.43375 0.8006263046875001 0.32625000000000004 0.67536534375 0.33625 0.6002087687500001 0.44875 0.5776617953125001 0.8262499999999999 0.6427974953125 0.91375 0.2645093953125 0.60375 0.1342379953125 0.22625 0.12171190000000001 0.16625 0.1643006265625 0.11875 0.2319415453125 0.24375 0.8832985390625 0.5587500000000001 0.9835073062499999 0.71875 0.963465553125 0.67875 0.8407098124999999
480 0.60875 0.9659707718749999 0.67125 0.9008350734375 0.63375 0.8582463468749999 0.40374999999999994 0.790605428125 0.34875 0.760542796875 0.30375 0.6052192062499999 0.36625 0.5551148218749999 0.64375 0.6002087687500001 0.8162499999999999 0.640292275 0.9412499999999999 0.17181628437500002 0.42625 0.101670146875 0.24625 0.15678496875 0.14125000000000001 0.17181628437500002 0.25875 0.6027139874999999 0.23125 0.9033402921875 0.39125 0.9609603343750001 0.60875 0.9659707718749999
480 0.28375 0.725469728125 0.33875 0.5601252609375 0.54625 0.5701461375 0.76625 0.617745303125 0.8162499999999999 0.6352818375 0.9012499999999999 0.1968684765625 0.87375 0.1492693109375 0.47625 0.0766179546875 0.21125 0.11920668125 0.09625 0.12421711875000001 0.26125 0.9308977031250001 0.71875 0.9835073062499999 0.67875 0.8707724421874999 0.28375 0.725469728125
480 0.63375 0.8306889359375 0.36124999999999996 0.7956158656250001 0.29125 0.6002087687500001 0.46375 0.5551148218749999 0.7887500000000001 0.6277661796875 0.85625 0.1116910234375 0.11374999999999999 0.1116910234375 0.10625 0.141753653125 0.18875 0.8757828812499999 0.58125 0.97849686875 0.69625 0.9434238 0.63375 0.8306889359375
480 0.23125 0.9509394578125001 0.55375 0.9434238 0.66125 0.9334029234375001 0.5912499999999999 0.8407098124999999 0.37875000000000003 0.7680584546875 0.27125 0.6277661796875 0.5587500000000001 0.5400835078124999 0.81125 0.6302713984375 0.88375 0.29206680625 0.93125 0.1317327765625 0.85375 0.2018789140625 0.21125 0.12171190000000001 0.14875 0.2895615859375 0.21375000000000002 0.6728601249999999 0.23125 0.9509394578125001
480 0.36124999999999996 0.7655532359375 0.27375 0.617745303125 0.45125000000000004 0.5651357 0.72375 0.6277661796875 0.8262499999999999 0.6052192062499999 0.87625 0.144258871875 0.21875 0.08663883125 0.19875 0.08914405 0.10124999999999999 0.17682672187499998 0.29375 0.9509394578125001 0.66625 0.9584551140625001 0.66625 0.8858037578125 0.36124999999999996 0.7655532359375
480 0.57375 0.8181628390625001 0.37875000000000003 0.7755741125 0.31124999999999997 0.657828809375 0.38125 0.5425887265625 0.8412499999999999 0.6227557406249999 0.86625 0.1267223375 0.23125 0.11419624218749999 0.11875 0.1843423796875 0.27125 0.928392484375 0.60375 0.94592901875 0.71375 0.9208768265625 0.57375 0.8181628390625001
480 0.23125 0.963465553125 0.49874999999999997 0.9734864296874999 0.6537499999999999 0.9609603343750001 0.65625 0.8306889359375 0.34375 0.7805845515625001 0.27375 0.6052192062499999 0.52125 0.56764091875 0.77625 0.6352818375 0.89125 0.19436325625 0.87375 0.206889353125 0.37124999999999997 0.0941544890625 0.15625 0.16931106406250002 0.13874999999999998 0.43235908125 0.23125 0.963465553125
480 0.32125 0.7304801671875001 0.34875 0.585177453125 0.49375 0.552609603125 0.79375 0.6327766171875 0.9237500000000001 0.1643006265625 0.39625 0.101670146875 0.07875 0.09164926875 0.27375 0.9684759921874999 0.7112499999999999 0.9609603343750001 0.66125 0.8757828812499999 0.32125 0.7304801671875001
480 0.70375 0.9659707718749999 0.59875 0.84321503125 0.31375000000000003 0.7304801671875001 0.32625000000000004 0.547599165625 0.79375 0.6127348640625 0.87625 0.5100208765625001 0.92125 0.0941544890625 0.85875 0.15929018749999999 0.07875 0.1668058453125 0.27875 0.9158663890625001 0.5037499999999999 0.9810020875 0.70375 0.9659707718749999
480 0.68875 0.9183716078125 0.51625 0.8482254703125 0.35875 0.7755741125 0.33875 0.6077244265624999 0.46875 0.552609603125 0.81125 0.6127348640625 0.85125 0.620250521875 0.89125 0.109185803125 0.35125 0.11920668125 0.22374999999999998 0.1342379953125 0.11125 0.11920668125 0.26375000000000004 0.9008350734375 0.36375 0.9584551140625001 0.63875 0.9609603343750001 0.68875 0.9183716078125
480 0.49625 0.8231732781250001 0.30125 0.7154488515625 0.37875000000000003 0.5926931109375 0.5662499999999999 0.56764091875 0.84375 0.6252609609374999 0.90625 0.15427975 0.35625 0.1317327765625 0.14125000000000001 0.141753653125 0.26375000000000004 0.893319415625 0.54375 0.9835073062499999 0.70125 0.9158663890625001 0.49625 0.8231732781250001
480 0.53125 0.8306889359375 0.29874999999999996 0.7329853859375 0.33125 0.5926931109375 0.46375 0.582672234375 0.63875 0.6052192062499999 0.76875 0.6327766171875 0.8412499999999999 0.6227557406249999 0.9237500000000001 0.12421711875000001 0.41375 0.0640918578125 0.22875 0.10668058437500001 0.11374999999999999 0.17933194218749998 0.29375 0.9233820453125 0.5962500000000001 0.9484342375000001 0.7112499999999999 0.9133611687500001 0.53125 0.8306889359375
480 0.34875 0.8081419625 0.31875 0.6102296453125 0.44875 0.5225469734375 0.85375 0.6102296453125 0.87375 0.1267223375 0.22374999999999998 0.101670146875 0.14875 0.1467640921875 0.26875 0.925887265625 0.68125 0.9484342375000001 0.6912499999999999 0.84321503125 0.34875 0.8081419625