483 0.521187303125 0 0.5950651125 0.095017596875 0.7009418546874999 0.1651318828125 0.6794898093749999 0.18815557656249998 0.5922843531249999 0.25025035 0.7493254890625 0.3442008734375 0.780133671875 0.2533862390625 0.797455565625 0.19542073437500002 0.795818521875 0.0528043578125 0.682474165625 0 0.521187303125 0
4 0.6079213234374999 0.2098430328125 0.6808870812500001 0.2181555765625 0.708791171875 0.17245731875 0.6432637484375 0.10891202343749999 0.5900034468750001 0.040075785937500004 0.487503446875 0.0424615 0.466541521875 0.0747777546875 0.5078596578125001 0.1571123703125 0.6079213234374999 0.2098430328125
257 0.3012842796875 0.0743256109375 0.26024321875 0.160372996875 0.34605829374999997 0.17589459999999998 0.45773632500000005 0.048159757812499995 0.44430481093749996 0.028450698437499998 0.3743048109375 0.030079965625 0.3012842796875 0.0743256109375
178 0.5962570781250001 0.550483103125 0.578585865625 0.6009486078124999 0.5773666984375 0.6285067953125 0.6686544249999999 0.7615283984375 0.8604557890625 0.7420479125 0.9448050328125 0.56489495 0.8723529125 0.40640784218750003 0.7373529125 0.40955000156250004 0.6094488218749999 0.4575757859375 0.5962570781250001 0.550483103125
186 0.5795610171875001 0.770354175 0.58881874375 0.6057158546875 0.502250259375 0.627752440625 0.34864753125000003 0.66136010625 0.28812700156250004 0.705314809375 0.32016813593750004 0.8021747390625 0.4564489703125 0.8265325796875 0.5417366218749999 0.7769959937500001 0.5467366218749999 0.77687961875 0.5795610171875001 0.770354175
161 0.0760379859375 0.7728189890625 0.1351681359375 0.8064806625 0.1409832125 0.8238642859375 0.2110720796875 0.39426951250000003 0.1027570046875 0.37927160312499997 0.059620034375 0.4203189890625 0.0760379859375 0.7728189890625
109 0.5254967765624999 0.4820541828125 0.5698529125 0.4134486078125 0.56804465625 0.3208904203125 0.5224007937499999 0.25437961875 0.397462459375 0.3123472140625 0.42165427656250004 0.4018817078125 0.48794200312499997 0.53548519375 0.5254967765624999 0.4820541828125
236 0.8577501109375 0.25408240625 0.7650172328125 0.25123536875 0.737120034375 0.4045500015625 0.891777609375 0.5010587140625 0.920263896875 0.46786045625000006 0.8989213984375001 0.385767771875 0.8577501109375 0.25408240625
80 0.7739761703125 0.33611899218749997 0.721647384375 0.2872827546875 0.574955565625 0.2005994796875 0.480482990625 0.2678688171875 0.52670905 0.34687961875 0.5754898828125 0.37327404375 0.5714213984375001 0.3933904203125 0.5362501859375 0.4442632421875 0.5508460937499999 0.4889723015625 0.5638735171875 0.5537395484375 0.6615995031249999 0.44885383437500004 0.7514213984375 0.3892008734375 0.7739761703125 0.33611899218749997
471 0.4100788984375 0.3145562734375 0.35838708124999996 0.2256618484375 0.2697774609375 0.1501402453125 0.174140490625 0.1924095828125 0.15850352031249998 0.2328169 0.137633671875 0.2683405921875 0.35420905 0.3508946 0.4100788984375 0.3145562734375
345 0.7131201078125 0.5878064484375 0.7048666984375 0.6255392 0.6924831375 0.6283301406249999 0.76016124375 0.68431725 0.8111475312499999 0.6505952984375 0.8785242 0.5389078421875 0.86084609375 0.481756971875 0.7830584421875 0.5311189921875 0.754339275 0.55931725 0.7131201078125 0.5878064484375
250 0.47903094375000005 0.2904270046875 0.5304213234375 0.21164686562499999 0.51291443125 0.10443780625000001 0.41529799062499995 0.10420714375 0.37611306718750004 0.12263815468749999 0.3497774609375 0.1482782234375 0.382462459375 0.31269634218750003 0.47903094375000005 0.2904270046875