1 0.19130781851576556 0.8211523164531703 0.27369156001163797 0.3108203670936593
1 0.4220156845768419 0.8323160336684665 0.27809201758798335 0.32646354781181836
1 0.6422484362438319 0.8396325882177802 0.26001169728454165 0.31542605386194256
1 0.8507624379108218 0.8470173204601912 0.24923369395056164 0.29818401170746506
1 0.8364618533533765 0.528199142767094 0.2786022006185213 0.3327135478118185
1 0.8424259713713068 0.19910199522642202 0.313295936074654 0.37508285499341076
1 0.5906869677474629 0.5335371243221337 0.2789528869830395 0.3561419574527388
1 0.5831466951585098 0.1846603045493137 0.2881683903170195 0.3693206090986274
1 0.35894392061270247 0.17592617486442677 0.28038784122540494 0.35185234972885354
1 0.14899496470334708 0.16949488856368153 0.27298992940669414 0.33898977712736306
1 0.16630885001939666 0.5149023164531703 0.2770077497101359 0.3514453670936593
1 0.3877692618381075 0.5276830758229443 0.257205432740674 0.3575771924256241