1 0.24387255538872873 0.1466830971291677 0.29037988922254254 0.28007942605424546
1 0.45785946067863553 0.18736682323988288 0.28740607864272893 0.33596540500755806
1 0.6609088659685423 0.2274135125188951 0.27525468913783796 0.36795885765251146
1 0.8539917370575818 0.27707042022787626 0.26744218913783796 0.36750383134415215
1 0.7540401557840168 0.5934318966209401 0.284918115474432 0.34672089448421434
1 0.6787924428980685 0.8503387181476203 0.32407162073610374 0.2993225637047594
1 0.5353426346667424 0.5124948968327016 0.2861921891378378 0.36859589448421437
1 0.44265752182314627 0.8203488393072471 0.30180177858625934 0.3593023213855059
1 0.23840193230413767 0.7789719523626047 0.29022724175455633 0.384402905007558
1 0.09459435025411381 0.7314158709478653 0.18918870050822761 0.3940817418957307
1 0.15082269247454552 0.39838283404557523 0.2874816733528224 0.36399939974588624
1 0.35204428725522596 0.4563527706937515 0.26578868387616605 0.3658503260824803