1 0.6152150612856851 0.7984375 0.1740730787839034 0.171875
1 0.4610812981315055 0.80234375 0.17792612087727822 0.184375
1 0.28870576919231034 0.8109375 0.19493161035393447 0.18125
1 0.1064470060381307 0.81484375 0.20743161035393448 0.18125
1 0.11337808745287001 0.6421875 0.19308068401734038 0.203125
1 0.2973890664061826 0.6484375 0.1888636208772782 0.184375
1 0.46231611639206516 0.63359375 0.17967063140062187 0.1875
1 0.6262421084995575 0.6359375 0.1778351156156063 0.1828125
1 0.6373601609751016 0.471875 0.18849959983059072 0.178125
1 0.47127242939095304 0.46640625 0.18417612087727822 0.184375
1 0.2994961399284142 0.478125 0.18904563140062186 0.1875
1 0.13353721096098414 0.45703125 0.17434609456891895 0.1765625
1 0.667046202927302 0.3109375 0.1720555524755442 0.1640625
1 0.5050544371422865 0.315625 0.1881355787839034 0.171875
1 0.33704018451145057 0.31640625 0.19565965244730937 0.19375
1 0.1558202765907079 0.2890625 0.2075226156156064 0.1828125
1 0.1689103527437754 0.11796875 0.20154563140062193 0.1875
1 0.35348277381869764 0.14140625 0.18940965244730937 0.19375
1 0.5218232501411743 0.1484375 0.17278359456891898 0.1765625
1 0.6794992422486665 0.15078125 0.1724195735222315 0.1703125