1 0.2247315117896158 0.769387439377712 0.19668303667377884 0.19539188947037936
1 0.3663292093640215 0.8103720818433162 0.202135811219586 0.20493058057737165
1 0.52278663239262 0.861277361332229 0.21788835697722053 0.2070387176006804
1 0.689527851178853 0.903241611563897 0.22895340273485498 0.193516776872206
1 0.7434813828516619 0.7491122111468945 0.22110895182646964 0.22740578130301117
1 0.5704423666408045 0.7093800446346732 0.21163835697722053 0.20682046279135696
1 0.4228975580062923 0.6548686155085802 0.20551590273485498 0.20816470798203354
1 0.2708885189166176 0.6166543089778254 0.202135811219586 0.20493058057737185
1 0.3172368446800711 0.4615774285779389 0.21463581121958608 0.20536709019601868
1 0.4740609295273804 0.49839292621568615 0.20851335697722054 0.20671133538669526
1 0.6287007610407098 0.552368642002268 0.21514599425012407 0.21161709019601868
1 0.7898615305855472 0.5744495170446771 0.19693812818904774 0.19851688947037935
1 0.3464614433223419 0.30511909745241284 0.19448280788560607 0.1875248257680484
1 0.4948352993814785 0.3494742765785058 0.2124355824314133 0.19750002649368784
1 0.649459155440615 0.3940477105139223 0.22034367728066223 0.21803078130301126
1 0.8272174936219043 0.41435775443080536 0.23233349425012406 0.21221729092165803
1 0.8749210252947133 0.25227690588208407 0.22633858576539295 0.2151240361123347
1 0.6967640743863276 0.2272520801140357 0.21396613152302776 0.21625002649368782
1 0.5381861709025666 0.19272576877395756 0.19550317394668237 0.20002482576804842
1 0.3916458818128918 0.1547024352013608 0.19330294515850976 0.19215776206571755