1 0.874998193337681 0.821875 0.23210629445670072 0.3203125
1 0.6526694290696573 0.82890625 0.22294961827801832 0.325
1 0.420038865587422 0.8328125 0.21967906906380658 0.321875
1 0.18875247828386907 0.83203125 0.23261571670644177 0.33125
1 0.15372023697032142 0.49921875 0.23196074524248905 0.3171875
1 0.1383284075674326 0.16875 0.23508574524248904 0.3171875
1 0.3590047806029619 0.1765625 0.22622016749223003 0.328125
1 0.383626060791639 0.50390625 0.22622016749223003 0.328125
1 0.6116782861845331 0.50234375 0.22727324524248899 0.3171875
1 0.5923802067816443 0.171875 0.228835745242489 0.3171875
1 0.8459441242738744 0.5 0.22890851984959468 0.31875
1 0.8265004956567739 0.16640625 0.23864739288512418 0.3265625