1 0.8311741966886596 0.8409609417611381 0.29937082884638355 0.2673067403647444
1 0.8203516716158348 0.6210090746808591 0.33347304420664764 0.2603354745253027
1 0.7988644311827462 0.3909173830949479 0.3458366518867795 0.25652205967459646
1 0.7638231561099216 0.16927197603791191 0.3536036877801568 0.25550586289290517
1 0.43403035603077933 0.1767413605471167 0.34151286473976084 0.2686942777436113
1 0.14026964733443298 0.21223183825138703 0.28053929466886596 0.26821367650277406
1 0.1613059098708453 0.42955037822814396 0.3226118197416906 0.2653507564562879
1 0.47281875673042456 0.4041286692133069 0.3538764724198929 0.2648808628929052
1 0.5030134074300698 0.6309150443393576 0.3413764724198929 0.2640067777436112
1 0.17724887780489867 0.6613684607795477 0.34142193652651553 0.2655692777436112
1 0.5338301837565357 0.8632247997872394 0.3446378647397609 0.26891279903093485
1 0.20500885029129856 0.877075952229573 0.349461757059629 0.24584809554085396