1 0.2515990422889409 0.18451761864615013 0.2820843181810801 0.335745278797871
1 0.4556823547042699 0.2576674315327261 0.2949937539567289 0.34457814485894733
1 0.6581622235420339 0.3314709486616675 0.28471799525030156 0.3266253703131401
1 0.8602260125516145 0.38327192003297433 0.26382564111185863 0.3435897297062566
1 0.7960119470840679 0.6204691600310347 0.29351978516439325 0.3164531448589473
1 0.573802754411014 0.5787926166892962 0.28767922094004206 0.3237554618284092
1 0.36844686906490665 0.5149540309239029 0.27830422094004204 0.3229901872826019
1 0.1748064116925319 0.43716451546195145 0.2829917209400421 0.3233728245555055
1 0.1263135586279422 0.697863028338829 0.2526271172558844 0.3313128703131401
1 0.31480513342554345 0.7749828641042222 0.29071568973237766 0.3520080075860438
1 0.5186394623492159 0.83156815523534 0.2796963025772479 0.33686368952932
1 0.7249779935568803 0.8534986180421761 0.29071568973237766 0.2930027639156478