1 0.18307777136377132 0.22946985431491967 0.21887945870463463 0.28596154671393004
1 0.3972766313653622 0.24741718692222697 0.22988968403881643 0.2925297954602888
1 0.6099311727004985 0.26688155542291164 0.22500218936981647 0.27520590314042065
1 0.8363482220321348 0.26097385088320035 0.23768400270527082 0.29119461599340213
1 0.8197350760661788 0.5111867995504169 0.2357760573679073 0.2614616518867795
1 0.5973515460693605 0.5281456643566849 0.2280726453691802 0.27060933135366605
1 0.3840430240690423 0.5195960638026889 0.2187340080362711 0.27346154671392997
1 0.17834700739972423 0.4940862837818063 0.2234033267027256 0.2720354390337981
1 0.18696112810308615 0.7645579081549856 0.22349423337045282 0.2798479390337981
1 0.40354010077176794 0.785698436922227 0.22218627204008906 0.3016774749271754
1 0.613723622772086 0.7941571092629776 0.21124877204008907 0.30135922618081673
1 0.8236980594366315 0.7846470316037282 0.22218627204008926 0.3016774749271754