1 0.8884176423198682 0.06503623005005885 0.2231647153602637 0.1300724601001177
1 0.20442673871722894 0.09805508774718392 0.3869784774344579 0.19611017549436785
1 0.5995633939692206 0.12387794745038247 0.39660954169936496 0.24775589490076494
1 0.8612988643440496 0.26339877630787656 0.277402271311901 0.29477617650277405
1 0.24497649703049912 0.32105627312890894 0.4297402904457238 0.29981287378866844
1 0.6263809243858146 0.46113070800643075 0.3829107545523467 0.29809755447881636
1 0.19480196694310956 0.587598916944393 0.3622345416993651 0.2841771661112139
1 0.8466765636048331 0.6743580556409718 0.3066468727903338 0.2802109319506556
1 0.4981495904583591 0.7354801340050017 0.3956380750854599 0.30678413962811035
1 0.18653379202856948 0.8684336537028413 0.32851275956691145 0.2506326925943174
1 0.7413409639736086 0.8875678858465872 0.3973871285298145 0.15253368220275726