1 0.8917170631400623 0.07988724081018593 0.2165658737198754 0.15977448162037186
1 0.23850803413027982 0.08232448444861115 0.38326606826055964 0.1646489688972223
1 0.6138412340738102 0.12618391677643556 0.4245574681476203 0.2523678335528711
1 0.8532985762236546 0.2719334375581035 0.2934028475526908 0.331344202168055
1 0.2490947365634717 0.27266864604125046 0.45855303654935425 0.3463621923661103
1 0.6147406653191403 0.4432683612152789 0.4130585260260107 0.33927286230009185
1 0.19894833632347533 0.5306854890667596 0.3511199681476202 0.3167540218664808
1 0.823745761556413 0.67545827021602 0.3525084768871739 0.32159734674870305
1 0.46744624929412826 0.7050731685198619 0.4261955628577134 0.35130397059416596
1 0.18338903868608 0.8163003603203244 0.28651143657758915 0.3017742793593513
1 0.6945456175405706 0.869733824928705 0.4117704998588255 0.18370636748388805