480 0.77637978125 0.352978959375 0.586769625 0.20161854375 0.36191523281250004 0.22116802500000002 0.2855307875 0.3324195 0.20727808749999999 0.3684815375 0.35069638593749997 0.8045779203125001 0.57122950625 0.8832861953125001 0.7065700374999999 0.7926776296875 0.7408666515625 0.7348360484375001 0.77637978125 0.352978959375
480 0.58247839375 0.196921646875 0.308472996875 0.27794933906249997 0.2076709828125 0.401095203125 0.37315245625000004 0.8279866374999999 0.5534190171875 0.862036490625 0.69358928125 0.8112384875 0.773347378125 0.7147975718749999 0.7657780734374999 0.326160940625 0.58247839375 0.196921646875
480 0.4852696109375 0.20930975468750002 0.24917638125 0.33768530625 0.22145680156249997 0.4653374484375 0.329949071875 0.77601765625 0.541647059375 0.875483684375 0.7825700234374999 0.7869186953125 0.7276463265625 0.404381396875 0.7193466468749999 0.261881396875 0.4852696109375 0.20930975468750002
480 0.362624003125 0.21609224999999999 0.20255003125 0.356284640625 0.20779193437500001 0.44628464062499995 0.3221331984375 0.8142754109375 0.51900145 0.8746886328125001 0.7638804984374999 0.8109342046875 0.776481459375 0.3805926234375 0.6905361703125 0.24146522343750002 0.362624003125 0.21609224999999999
480 0.8028659062499999 0.27312992187499996 0.6043959609375 0.1852166984375 0.308497653125 0.2352599015625 0.241651725 0.3809430609375 0.211506115625 0.38071632499999997 0.33198758906250003 0.81101765625 0.49664705937500003 0.87889358125 0.6562102328125 0.8592695062500001 0.7515507640625 0.771691959375 0.8028659062499999 0.27312992187499996
480 0.7690754203125 0.7276764499999999 0.8030115140625 0.275629921875 0.57660474375 0.182300525 0.288934478125 0.2442754109375 0.2434236828125 0.368253621875 0.24281659218749999 0.40094306093750004 0.21869024218750002 0.41783744843750004 0.3409683296875 0.7927599015625 0.5059190171875 0.8656358265625 0.7144629328125001 0.8247229781250001 0.7690754203125 0.7276764499999999
480 0.7206717296875 0.8192304359374999 0.7714737421875 0.699873346875 0.7536132203125 0.30699446875 0.5875223234375 0.1714291046875 0.3393905765625 0.2655624109375 0.288322003125 0.3372300625 0.28611322031249997 0.3424195 0.249170996875 0.39795051875 0.22591829843750003 0.42984490624999994 0.3223227359375 0.7916617453125 0.5084382890625 0.8830221609375 0.7206717296875 0.8192304359374999
480 0.6394152328125 0.20014033125 0.3308713171875 0.2486307265625 0.2147780875 0.367913221875 0.2150693046875 0.372913221875 0.21681660625000002 0.402913221875 0.35358389843750004 0.897267359375 0.6415207234375 0.8829819125 0.7745068625 0.795062784375 0.7692203109375 0.2731683984375 0.6394152328125 0.20014033125
480 0.7639044375 0.3112367140625 0.5250223234375 0.176165071875 0.2487834859375 0.3050716421875 0.24907470312500002 0.3100716421875 0.2171324796875 0.3652237828125 0.35159469374999996 0.77688848125 0.48829268125 0.8820376703124999 0.7364244281250001 0.787904365625 0.7489267609375 0.5283205390625 0.7639044375 0.3112367140625
480 0.688250365625 0.1763515578125 0.43706084218749996 0.2179848640625 0.3291956546875 0.34919904375 0.24637978125 0.3931399578125 0.22900073281250002 0.43965546718750004 0.3402595609375 0.797835675 0.5231470734375 0.8768855296875 0.7177349046875 0.8119198750000001 0.77237205 0.6721839078125 0.688250365625 0.1763515578125
480 0.4137541640625 0.8525313921875 0.68785585625 0.8593825765625001 0.7511332125 0.7817677328125 0.7226409421875 0.4650254875 0.752860521875 0.33718390781249996 0.6307257093749999 0.2233980859375 0.3919152328125 0.2188947609375 0.299923696875 0.3639723078125 0.2977149140625 0.3691617453125 0.2369375578125 0.44658715156250006 0.244728775 0.45101883593750003 0.322201784375 0.7464723078125 0.4137541640625 0.8525313921875