480 0.24796505156249998 0.8620873796874999 0.89377709375 0.7027864546875 0.8907282015625 0.43673668125000004 0.225580628125 0.2313068390625 0.0981084890625 0.49553308749999997 0.0938241828125 0.6407955296875001 0.10005409999999999 0.6611891953125 0.14164027343750002 0.796313628125 0.24796505156249998 0.8620873796874999
480 0.8539119078124999 0.462399578125 0.6582492765625 0.379401846875 0.24034282187499997 0.196962946875 0.10163305 0.4405330875 0.11860180625000001 0.606976525 0.18877424375000001 0.8840692828125001 0.8221264546875 0.6839810265625 0.8539119078124999 0.462399578125
480 0.8514724609375 0.7356869078125 0.8740022312500001 0.42331812968750004 0.1610798578125 0.1401326328125 0.044666975 0.5454086546875 0.15930931875 0.9126258437500001 0.8514724609375 0.7356869078125
480 0.264740571875 0.20827516406250002 0.10423765625 0.47829552968750005 0.2078438640625 0.90011905625 0.8333640843750001 0.7046371359375 0.8736818171875 0.4283181296875 0.5243820593749999 0.3121846578125 0.264740571875 0.20827516406250002
480 0.8178966515624999 0.4755624765625 0.30692628437499997 0.255637153125 0.1873819296875 0.2393385140625 0.08340575624999999 0.48974575781249996 0.082925134375 0.49724575781249997 0.1815830859375 0.8786756171875 0.8636300484375001 0.6635805734375 0.8178966515624999 0.4755624765625
480 0.8457595046874999 0.4720059140625 0.80954275 0.4099063671875 0.207573 0.2378882875 0.0416824953125 0.5527774328125 0.043225109375 0.5679086546875001 0.16421628593749998 0.875257065625 0.8012945531250001 0.6954312546875 0.8457595046874999 0.4720059140625
480 0.8634103812499999 0.7062117953125 0.8884440078125 0.3939742390625 0.24098365 0.18696294687499998 0.07214995625000001 0.5869833140625 0.203476978125 0.8898566125 0.8634103812499999 0.7062117953125
480 0.15131712343749998 0.9197321796875 0.814875834375 0.718718584375 0.8956169984375 0.51726156875 0.8358629890625 0.391218584375 0.268306421875 0.2310376078125 0.08474687187499999 0.4296145359375 0.090299621875 0.6957955296875 0.1064855125 0.756845303125 0.15131712343749998 0.9197321796875
480 0.14098127656249998 0.92420729375 0.216737846875 0.9181439421875 0.21988253281249998 0.9082751640625 0.79314215 0.7050375890625 0.847782740625 0.47963713593749996 0.7417783765625 0.4088633828125 0.0248508234375 0.1881778859375 0.09728928437499999 0.6259267515625 0.135813353125 0.92644485 0.14098127656249998 0.92420729375
480 0.8473615765625 0.44700591406249995 0.6750347062500001 0.352689178125 0.160800734375 0.22289507656250002 0.09276219062499999 0.618164309375 0.1234724375 0.8053950765625 0.1920196796875 0.9118317250000001 0.81807998125 0.668718584375 0.8473615765625 0.44700591406249995
480 0.21721846875 0.9106439421875001 0.94763976875 0.685542109375 0.9028857859375 0.364630346875 0.2617560921875 0.2156439421875 0.11233060156250001 0.5088204171874999 0.09999464062499999 0.7013204171874999 0.0996742265625 0.7063204171875 0.1896760296875 0.9092005046875 0.21721846875 0.9106439421875001
480 0.1603201125 0.23039507656249997 0.0639562625 0.51882720625 0.0842299140625 0.672901865625 0.0932841015625 0.6884267515625 0.20534000625 0.899987834375 0.756806478125 0.7232004859375001 0.86875668125 0.5835805734374999 0.8295736140625 0.410956140625 0.5700923343750001 0.304546646875 0.33154370312500003 0.2243181484375 0.1603201125 0.23039507656249997
480 0.22462929375 0.8734063859375001 0.7709278421875 0.69885659375 0.8851622359375 0.6019991250000001 0.835222159375 0.401218584375 0.4071813546875 0.29851724062499996 0.271611315625 0.218668828125 0.13903071250000001 0.4450014109375 0.129459565625 0.6727638546875 0.22462929375 0.8734063859375001
480 0.8777282890624999 0.4435805734375 0.5805883875 0.29757153281250004 0.2483350171875 0.18985661250000002 0.0508556015625 0.48803987656250003 0.13072305625 0.7706575203125 0.2378901609375 0.901693715625 0.8145554203125001 0.723718584375 0.8777282890624999 0.4435805734375
480 0.1011937171875 0.5257955296875 0.113154759375 0.6919765250000001 0.2000713359375 0.8645941687500001 0.8374105578125001 0.7198995781249999 0.855733646875 0.39476835781249997 0.21227847031249997 0.125257065625 0.1011937171875 0.5257955296875
480 0.1156536625 0.37855797343750003 0.057429053125 0.6990896484375 0.2092857296875 0.87761905625 0.8538161140625 0.7383181296875 0.8863613125 0.4264742390625 0.20278495156249998 0.19499462343750001 0.1156536625 0.37855797343750003
480 0.09472596718750001 0.6659267515625 0.13673330625 0.83368240625 0.207042828125 0.91261905625 0.827715540625 0.7143746921874999 0.8550746484375 0.522662021875 0.8181163187499999 0.43293125468750004 0.47484497968749995 0.261929003125 0.2858928875 0.19182493750000001 0.0747908984375 0.388958428125 0.09472596718750001 0.6659267515625
480 0.089896628125 0.54527064375 0.080384940625 0.7329018656249999 0.22729335781249999 0.8710376078125 0.8437593906249999 0.6600308 0.8704363796875001 0.4005556875 0.246792403125 0.174725390625 0.089896628125 0.54527064375
480 0.07255295 0.7375082 0.12453442968749999 0.8280262984375 0.24029327031249997 0.864193715625 0.7602121234375 0.7484629296875001 0.936621803125 0.6222547796875 0.8568550984375 0.3772683578125 0.2703891171875 0.19853760781250002 0.080219778125 0.4218520921875 0.06770544218749999 0.7347457578125 0.07255295 0.7375082
480 0.8588188750000001 0.42503080000000004 0.3515745671875 0.225367921875 0.1489635640625 0.2900014109375 0.0596537875 0.7819833140625 0.10360178125 0.8018453031250001 0.2604248828125 0.902874709375 0.7930414015625 0.6674063671875 0.8588188750000001 0.42503080000000004
480 0.09793011406249999 0.6159267515625 0.1443043375 0.79394485 0.22132439843750001 0.8857751640625 0.768845146875 0.73135659375 0.8521496281250001 0.489899578125 0.787008028125 0.40872537343750004 0.3059237515625 0.192874709375 0.10137209375 0.405401865625 0.098250528125 0.6109267515625 0.09793011406249999 0.6159267515625
480 0.1097441625 0.353164309375 0.0992530625 0.6736891953125 0.21988253281249998 0.9082751640625 0.85355515625 0.7031869078125 0.8898677062499999 0.48936790312499995 0.33394681249999997 0.1868181484375 0.1097441625 0.353164309375
480 0.852570790625 0.5225308 0.81076495 0.4300375890625 0.253924103125 0.22025027656249999 0.077157671875 0.5872457578125 0.0849714921875 0.7005330875 0.22819514375 0.896168828125 0.7853101609375 0.7096439250000001 0.852570790625 0.5225308
480 0.8939967578125 0.6601552328125 0.8843380765625 0.4188430171875 0.2434875078125 0.18709416875 0.0866924828125 0.5952706437499999 0.213593159375 0.9280127203124999 0.8939967578125 0.6601552328125
480 0.11429437812500001 0.5565828609375 0.103400284375 0.7265828609375 0.1909576875 0.8892005046874999 0.756646271875 0.7257004859375 0.8481857359375 0.630162021875 0.860041075 0.445162021875 0.6535619765625 0.3741394046875 0.2806655046875 0.23419371562500002 0.14960439375 0.28000141093750003 0.11429437812500001 0.5565828609375
480 0.878048703125 0.4385805734375 0.759364840625 0.36965071250000003 0.24955721562500002 0.209987834375 0.0756332265625 0.45422087031249997 0.108627665625 0.68421408125 0.223347634375 0.8934063859375 0.821426165625 0.7341122484375 0.878048703125 0.4385805734375
480 0.23464472656250002 0.873931271875 0.8092272906250001 0.728456140625 0.8744233937500001 0.45594935156250005 0.2521205328125 0.169987834375 0.0990697328125 0.4805330875 0.10660442968749999 0.6765828609375 0.1059636 0.6865828609375 0.1255551328125 0.7728950765625 0.23464472656250002 0.873931271875
480 0.252492146875 0.8698498234375001 0.7583490937499999 0.7383317078125 0.8337439578125 0.6595059140624999 0.8750642234375 0.4459493515625 0.36164945625 0.1857615859375 0.21468653437500002 0.40130683906250003 0.1525525375 0.5084199625 0.154415565625 0.5185511843749999 0.252492146875 0.8698498234375001
480 0.8410358671875 0.7025308 0.8748627250000001 0.3706869078125 0.23459352656250002 0.1690692828125 0.08068223125 0.5322457578125 0.24854642187499998 0.8922186015625 0.8410358671875 0.7025308
480 0.1880640484375 0.3071009578125 0.12222711718749998 0.589607746875 0.22671198750000002 0.8409063859374999 0.8593226187499999 0.6131869078125 0.83378029375 0.423718584375 0.3277168953125 0.1664244828125 0.1880640484375 0.3071009578125
480 0.8524700421875 0.484899578125 0.7595250484375 0.36715071250000003 0.3032002265625 0.235374709375 0.11032553281249999 0.38329552968749997 0.14222164375 0.82644485 0.22649232187499999 0.8835376078125 0.8116304 0.690956140625 0.8524700421875 0.484899578125
480 0.855294315625 0.48003080000000004 0.4801731109375 0.257191446875 0.21620602500000002 0.220781953125 0.05009585625 0.57830231875 0.12934064843749998 0.7530262984375 0.20517979999999997 0.902487834375 0.8435991843749999 0.6625308000000001 0.855294315625 0.48003080000000004
480 0.8705784187500001 0.5159493515625 0.7456233515624999 0.34886338281249996 0.24076398437500002 0.22959416875 0.062033775 0.54882720625 0.105743934375 0.72921408125 0.187593334375 0.9417005046875 0.7718296265625 0.7239878156249999 0.8705784187500001 0.5159493515625
480 0.19851881093749998 0.2223634015625 0.0741731921875 0.5946145359375 0.170606409375 0.8931507312500001 0.835387321875 0.7122683578125 0.8860821890624999 0.50923668125 0.768098615625 0.39017559999999996 0.19851881093749998 0.2223634015625
480 0.8990226421875 0.5425240109375 0.8529093734375 0.3996371359375 0.21860913437499999 0.183281953125 0.0673619046875 0.5440896484375 0.1273174125 0.7453950765624999 0.14039990625 0.8940760718749999 0.8154572078125 0.74884980625 0.8990226421875 0.5425240109375
480 0.8656301609374999 0.4755556875 0.746905009375 0.3288633828125 0.30884877187500004 0.22563715312500002 0.1510875484375 0.33526385468750003 0.0724934921875 0.777639421875 0.2441795359375 0.8819561578125 0.8252711406250001 0.6741122484375001 0.8656301609374999 0.4755556875
480 0.8803328953125 0.4813430171875 0.79159458125 0.37635659375 0.2418854359375 0.21209416874999998 0.08655044218749999 0.47987697812499996 0.1040411125 0.7165828609375 0.212110003125 0.8727502765624999 0.8170592796875 0.72384980625 0.8803328953125 0.4813430171875
480 0.0837080015625 0.602639421875 0.1238523109375 0.7602638546875 0.201133328125 0.887225390625 0.8305398125 0.7095059140625 0.8797928140625 0.5289742390625001 0.8655294124999999 0.437924465625 0.6038052296875 0.366514971875 0.2674046375 0.20590638593750002 0.12354511093750001 0.3338204171875 0.0837080015625 0.602639421875
480 0.19819839687500002 0.22736340156249998 0.10626089218749998 0.4859267515625 0.20491884374999997 0.8673566125000001 0.8244701046875 0.6866122484375 0.8712787078125 0.4658181296875 0.777633425 0.3982004859375 0.19819839687500002 0.22736340156249998
480 0.8592400390625 0.45766202187499994 0.78610624375 0.3835941515625 0.2055497640625 0.23025706562499998 0.08687085624999999 0.474876978125 0.1221494890625 0.7476326328125 0.1614927625 0.9177570656249999 0.7943643484375 0.7251688109375001 0.8592400390625 0.45766202187499994
480 0.8682942265625 0.47318690781250006 0.8200388046875 0.4029312546875 0.2240974734375 0.1760443953125 0.0898553359375 0.4675082 0.1139970875 0.7572389687500001 0.19564499062500001 0.8944629468749999 0.826914503125 0.7268746921875 0.8682942265625 0.47318690781250006
480 0.09993022812499999 0.427901865625 0.0960489171875 0.7236891953125 0.18983623593750001 0.9067005046875 0.8159378296875 0.74134980625 0.8721804921875 0.49094935156249997 0.2940452890625 0.1822186015625 0.09993022812499999 0.427901865625
480 0.2513706953125 0.8873498234375001 0.7244165328125 0.7189946046875 0.7494501578125 0.40675704843749994 0.301016784375 0.23024348906249997 0.19142840156250002 0.25460095781250003 0.07619642812500001 0.6022457578125 0.12395305937500001 0.7978950765625 0.2513706953125 0.8873498234375001
480 0.15930931875 0.9126258437500001 0.7798218234375 0.71688148125 0.8542736124999999 0.535162021875 0.8270102984375001 0.45095614062499995 0.6069499171875 0.35664619375 0.21738693437499998 0.16315073125 0.09448318125 0.5129018656250001 0.10614197656249999 0.5661891953125 0.15930931875 0.9126258437500001
480 0.238530990625 0.891693715625 0.752119178125 0.71793804375 0.8565990953125 0.6556869078124999 0.8733614015625 0.4333181296875 0.5855366453124999 0.3379651984375 0.2309682171875 0.18643806093749998 0.1023746265625 0.468164309375 0.117782603125 0.737370190625 0.238530990625 0.891693715625
480 0.8665319453125001 0.5006869078125 0.7216467640625 0.3701823890625 0.272572559375 0.203668828125 0.091677075 0.399876978125 0.126575834375 0.7177638546875 0.19846926250000002 0.8895941687500001 0.802997375 0.7080624765625 0.8665319453125001 0.5006869078125
480 0.1750228453125 0.23618240625000003 0.0796020703125 0.6275082000000001 0.2228670125 0.9009063859375 0.85792204375 0.7134493515625 0.8860408984375001 0.4314742390625 0.346086228125 0.232605478125 0.1750228453125 0.23618240625000003
480 0.8353823671875 0.39871858437499996 0.22888552343750002 0.2189380609375 0.103074915625 0.4180330875 0.12805899062499998 0.7730262984375 0.1830249515625 0.8561756171875 0.1961256125 0.886962946875 0.805821646875 0.703193696875 0.8353823671875 0.39871858437499996
480 0.10898441562500001 0.4434267515625 0.0956872109375 0.6509267515625 0.1496143015625 0.9071009578125 0.8232891953125 0.7442434703125 0.8755448453125 0.4384493515625 0.237257590625 0.1667005046875 0.10898441562500001 0.4434267515625
480 0.0812223125 0.4846145359375 0.1269969984375 0.7503950765625 0.2134924109375 0.8903814984375 0.8081652984375 0.7058249187500001 0.8421936546875 0.4492434703125 0.21716726875 0.20578195312499997 0.0812223125 0.4846145359375
480 0.12827865624999998 0.7303950765625 0.12779803437499998 0.7378950765625001 0.204438221875 0.8748566125 0.7875530640624999 0.674643925 0.8598214093750001 0.48779324375 0.8171137828124999 0.3701688109375 0.26287754375 0.1981439421875 0.1271704203125 0.31645163906249996 0.1053409390625 0.5786891953125 0.12827865624999998 0.7303950765625
480 0.11126860937500001 0.48618919531250004 0.12419089375 0.637370190625 0.190216109375 0.8615692828125001 0.8513717125 0.6980556875 0.886681728125 0.42147423906250003 0.256006796875 0.1877502765625 0.11126860937500001 0.48618919531250004
480 0.8762269640625 0.5062117953125 0.8286718296875 0.38582491874999997 0.226802828125 0.2514380609375 0.10249354531249999 0.387901865625 0.11864309843750001 0.68473896875 0.19362175312500002 0.8868317250000001 0.811570940625 0.7310873625000001 0.8762269640625 0.5062117953125
480 0.1978878921875 0.859462946875 0.77699755 0.721750259375 0.8234262796875 0.5460873625 0.8181757749999999 0.3928000328125 0.30714595 0.21300593124999997 0.13073627031249999 0.33921408125 0.1024984984375 0.7014516390625001 0.10452173437500001 0.7090828609375001 0.1978878921875 0.859462946875
480 0.058687590624999994 0.483433540625 0.129120984375 0.7956575203125 0.22020294843750002 0.9032751640625 0.85365590625 0.7408181296875 0.85673618125 0.45753079999999996 0.2606941 0.1930127203125 0.058687590624999994 0.483433540625