480 0.51125 0.1294290125 0.36625 0.13443672812500002 0.34625 0.141948303125 0.21375000000000002 0.19202546250000002 0.15375 0.30219521562499996 0.34625 0.935671296875 0.61125 0.9156404328125 0.78125 0.239598765625 0.51125 0.1294290125
480 0.8162499999999999 0.25211805625 0.5662499999999999 0.1294290125 0.40125 0.15697144999999998 0.12875 0.24460648125 0.36124999999999996 0.8630594140625 0.58375 0.8805864203124999 0.65625 0.680277778125 0.8162499999999999 0.25211805625
480 0.45875000000000005 0.07935185156249999 0.09875 0.21706404375 0.31124999999999997 0.8956095671875 0.62375 0.8981134265625 0.86875 0.169490740625 0.45875000000000005 0.07935185156249999
480 0.80625 0.2771566359375 0.5287499999999999 0.13443672812500002 0.11374999999999999 0.2646373453125 0.34125 0.875578703125 0.61875 0.8981134265625 0.7162499999999999 0.5425655859375 0.80625 0.2771566359375
480 0.77125 0.2020408953125 0.51625 0.1144058640625 0.50875 0.1144058640625 0.13374999999999998 0.23709490781250003 0.38375 0.9031211421875 0.56875 0.8455324078125 0.76125 0.3222260796875 0.77125 0.2020408953125
480 0.7737499999999999 0.22207175937499998 0.45125000000000004 0.07684799375 0.43624999999999997 0.07935185156249999 0.13625 0.2195679015625 0.34875 0.84302855 0.57375 0.8730748453125001 0.63375 0.8330131171874999 0.7737499999999999 0.22207175937499998
480 0.41875 0.1093981484375 0.12375 0.2596296296875 0.34125 0.905625 0.6537499999999999 0.910632715625 0.8262499999999999 0.25211805625 0.41875 0.1093981484375
480 0.7837500000000001 0.28216435156249997 0.57625 0.11190200624999999 0.31124999999999997 0.13443672812500002 0.25125000000000003 0.1544675921875 0.09125 0.20955246875000003 0.32625000000000004 0.858051696875 0.53125 0.9256558640625 0.6537499999999999 0.858051696875 0.7837500000000001 0.28216435156249997
480 0.81375 0.036786265624999995 0.38125 0.1369405859375 0.08375 0.1945293203125 0.08625000000000001 0.19953703750000001 0.09625 0.274652778125 0.10625 0.2771566359375 0.33875 0.835516975 0.5662499999999999 0.875578703125 0.63125 0.7654089500000001 0.81375 0.036786265624999995
480 0.78625 0.17449845625 0.38875000000000004 0.1319328703125 0.20375000000000001 0.17449845625 0.10124999999999999 0.249614196875 0.37625000000000003 0.858051696875 0.59875 0.8730748453125001 0.6837500000000001 0.6953009265625 0.78625 0.17449845625
480 0.49874999999999997 0.1444521609375 0.30625 0.1444521609375 0.30125 0.1444521609375 0.10375000000000001 0.24711033906250002 0.10375000000000001 0.274652778125 0.36625 0.9882523140625 0.6837500000000001 0.9231520062499999 0.79875 0.274652778125 0.49874999999999997 0.1444521609375
480 0.7262500000000001 0.5876350312499999 0.79375 0.344760803125 0.7787499999999999 0.17449845625 0.48624999999999996 0.0968788578125 0.33375 0.1269251546875 0.31875 0.1369405859375 0.11374999999999999 0.2621334875 0.31875 0.8004629624999999 0.46375 0.9031211421875 0.63375 0.8530439812499999 0.7262500000000001 0.5876350312499999
480 0.72375 0.424884259375 0.79625 0.28466820937500004 0.56375 0.16698688281250001 0.33625 0.1719945984375 0.14125000000000001 0.27966049375 0.34375 0.8129822531249999 0.44625000000000004 0.9206481484375001 0.64375 0.858051696875 0.72375 0.424884259375
480 0.8237500000000001 0.2596296296875 0.51625 0.081855709375 0.23875000000000002 0.1795061734375 0.11374999999999999 0.2946836421875 0.32125 0.858051696875 0.60375 0.9031211421875 0.73375 0.5976504625 0.8237500000000001 0.2596296296875
480 0.48125 0.13443672812500002 0.31625000000000003 0.15697144999999998 0.14875 0.2546219140625 0.32625000000000004 0.8805864203124999 0.65125 0.8780825625 0.8862500000000001 0.2195679015625 0.48125 0.13443672812500002
480 0.6287499999999999 0.13944444375 0.30625 0.1018865734375 0.13625 0.2646373453125 0.30874999999999997 0.8981134265625 0.6212500000000001 0.910632715625 0.8162499999999999 0.2145601859375 0.6287499999999999 0.13944444375
480 0.76375 0.4899845671875 0.8237500000000001 0.2971875 0.61625 0.09938271562499999 0.34125 0.1369405859375 0.17625 0.18952160468749998 0.10124999999999999 0.2646373453125 0.33125 0.8705709875000001 0.5237499999999999 0.8855941359375 0.61125 0.84302855 0.76375 0.4899845671875
480 0.46125 0.124421296875 0.27375 0.1269251546875 0.14375 0.28216435156249997 0.38625 0.883090278125 0.64625 0.8931057093750001 0.8387499999999999 0.257125771875 0.46125 0.124421296875
480 0.8162499999999999 0.28216435156249997 0.58375 0.106894290625 0.27125 0.1144058640625 0.26875 0.1194135796875 0.18125 0.1770023140625 0.15125 0.2946836421875 0.29375 0.8054706796875 0.42874999999999996 0.9732291671875 0.66875 0.8780825625 0.8162499999999999 0.28216435156249997
480 0.71875 0.16698688281250001 0.22374999999999998 0.1093981484375 0.20625 0.1544675921875 0.11374999999999999 0.31721836406250004 0.37625000000000003 0.8330131171874999 0.6212500000000001 0.883090278125 0.79375 0.3647916671875 0.71875 0.16698688281250001
480 0.8237500000000001 0.31721836406250004 0.6012500000000001 0.1269251546875 0.39625 0.1369405859375 0.39125 0.1369405859375 0.21625 0.1945293203125 0.12875 0.2771566359375 0.31124999999999997 0.8129822531249999 0.55625 0.8805864203124999 0.63375 0.8104783953125001 0.8237500000000001 0.31721836406250004
480 0.6537499999999999 0.1319328703125 0.33375 0.141948303125 0.10625 0.2771566359375 0.34375 0.8956095671875 0.5587500000000001 0.918144290625 0.83125 0.344760803125 0.6537499999999999 0.1319328703125
480 0.79375 0.267141203125 0.41875 0.1144058640625 0.30625 0.1294290125 0.11875 0.28466820937500004 0.33375 0.8280054015625 0.5237499999999999 0.883090278125 0.61375 0.835516975 0.79375 0.267141203125
480 0.41125 0.124421296875 0.08625000000000001 0.2721489203125 0.38875000000000004 0.9331674375000001 0.6287499999999999 0.9081288578125 0.8262499999999999 0.2546219140625 0.41125 0.124421296875
480 0.66125 0.6752700625 0.78125 0.2946836421875 0.72875 0.16698688281250001 0.45125000000000004 0.14945987656249998 0.28125 0.14945987656249998 0.12375 0.24711033906250002 0.31625000000000003 0.8004629624999999 0.41624999999999995 0.8855941359375 0.6012500000000001 0.8855941359375 0.66125 0.6752700625
480 0.80375 0.2621334875 0.55125 0.1043904328125 0.32375 0.151963734375 0.12125 0.27966049375 0.31124999999999997 0.865563271875 0.60875 0.9031211421875 0.67125 0.7804320984374999 0.80375 0.2621334875
480 0.52625 0.1294290125 0.33125 0.14945987656249998 0.32125 0.14945987656249998 0.23625 0.17449845625 0.14125000000000001 0.2896759265625 0.31625000000000003 0.8530439812499999 0.5912499999999999 0.9006172843750001 0.84375 0.2621334875 0.52625 0.1294290125
480 0.83375 0.37230324062500003 0.61125 0.239598765625 0.50125 0.1845138890625 0.49124999999999996 0.187017746875 0.14625 0.3072029328125 0.30375 0.8029668203125 0.38625 0.8730748453125001 0.6012500000000001 0.9006172843750001 0.83375 0.37230324062500003
480 0.47375 0.1144058640625 0.12375 0.3046990734375 0.34375 0.883090278125 0.67625 0.8956095671875 0.84375 0.24460648125 0.47375 0.1144058640625
480 0.70375 0.2070486109375 0.41875 0.159475309375 0.17375000000000002 0.27966049375 0.43375 0.8956095671875 0.6212500000000001 0.858051696875 0.85125 0.337249228125 0.70375 0.2070486109375
480 0.78125 0.31721836406250004 0.62375 0.13443672812500002 0.18375 0.1945293203125 0.13125 0.28216435156249997 0.35375 0.8530439812499999 0.56125 0.8805864203124999 0.67375 0.7804320984374999 0.78125 0.31721836406250004
480 0.79125 0.2295833328125 0.42625 0.0868634265625 0.25625 0.1770023140625 0.11125 0.2621334875 0.38375 0.883090278125 0.5662499999999999 0.883090278125 0.76875 0.494992284375 0.79125 0.2295833328125
480 0.7837500000000001 0.2546219140625 0.45625 0.0968788578125 0.27875 0.151963734375 0.07125000000000001 0.24711033906250002 0.31875 0.8154861109375 0.53125 0.9006172843750001 0.6912499999999999 0.7654089500000001 0.7837500000000001 0.2546219140625
480 0.7887500000000001 0.2120563265625 0.41125 0.11190200624999999 0.11875 0.22707947499999998 0.33375 0.8780825625 0.5387500000000001 0.9156404328125 0.65125 0.79044753125 0.7887500000000001 0.2120563265625
480 0.82875 0.2295833328125 0.46125 0.1018865734375 0.26375000000000004 0.17449845625 0.11625 0.1970331796875 0.29625 0.8605555562499999 0.50625 0.9306635796875 0.64625 0.875578703125 0.82875 0.2295833328125
480 0.79125 0.3222260796875 0.67375 0.1719945984375 0.22875 0.12191743749999999 0.13374999999999998 0.2996913578125 0.37124999999999997 0.865563271875 0.57125 0.8931057093750001 0.7112499999999999 0.7654089500000001 0.79125 0.3222260796875
480 0.8012499999999999 0.2546219140625 0.52625 0.116909721875 0.29125 0.14945987656249998 0.14125000000000001 0.267141203125 0.32125 0.8605555562499999 0.5662499999999999 0.9081288578125 0.66625 0.8129822531249999 0.8012499999999999 0.2546219140625
480 0.66625 0.6251929015625 0.8087500000000001 0.27966049375 0.67375 0.1444521609375 0.40374999999999994 0.12191743749999999 0.24874999999999997 0.1719945984375 0.12625 0.257125771875 0.33625 0.8730748453125001 0.51875 0.910632715625 0.60875 0.8906018515625 0.66625 0.6251929015625
480 0.7837500000000001 0.2120563265625 0.52125 0.1369405859375 0.14625 0.2596296296875 0.35875 0.865563271875 0.58125 0.8981134265625 0.64375 0.8004629624999999 0.7837500000000001 0.2120563265625
480 0.78125 0.2195679015625 0.53125 0.116909721875 0.26125 0.169490740625 0.09375 0.2195679015625 0.31875 0.8380208328125001 0.58875 0.8855941359375 0.6587500000000001 0.8079745375 0.78125 0.2195679015625
480 0.83625 0.23459105 0.5387500000000001 0.1194135796875 0.25125000000000003 0.1619791671875 0.11875 0.25211805625 0.31875 0.8705709875000001 0.57375 0.8956095671875 0.64125 0.84302855 0.83625 0.23459105
480 0.57875 0.1269251546875 0.28375 0.141948303125 0.10625 0.24711033906250002 0.30375 0.8605555562499999 0.55625 0.9006172843750001 0.83375 0.3046990734375 0.57875 0.1269251546875
480 0.63375 0.772920525 0.78625 0.31471450624999997 0.75625 0.2070486109375 0.40374999999999994 0.1144058640625 0.21125 0.17449845625 0.12875 0.3072029328125 0.32125 0.7679128093750001 0.63375 0.772920525
480 0.67625 0.627696759375 0.8487500000000001 0.22707947499999998 0.49375 0.1269251546875 0.44125 0.141948303125 0.09875 0.21706404375 0.32625000000000004 0.8229976859375 0.51125 0.8855941359375 0.59375 0.8530439812499999 0.67625 0.627696759375
480 0.69375 0.6051620375 0.8262499999999999 0.24210262343750003 0.5387500000000001 0.1319328703125 0.27125 0.164483025 0.12375 0.2946836421875 0.32375 0.795455246875 0.39125 0.8956095671875 0.61375 0.8981134265625 0.69375 0.6051620375
480 0.81125 0.28466820937500004 0.60625 0.116909721875 0.29125 0.1719945984375 0.12375 0.2546219140625 0.33625 0.8455324078125 0.54625 0.8956095671875 0.66875 0.742874228125 0.81125 0.28466820937500004
480 0.7737499999999999 0.18952160468749998 0.37875000000000003 0.1194135796875 0.11374999999999999 0.27966049375 0.33375 0.9006172843750001 0.61625 0.910632715625 0.78625 0.35978395 0.7737499999999999 0.18952160468749998
480 0.58875 0.1294290125 0.23625 0.1770023140625 0.15625 0.23709490781250003 0.12625 0.25211805625 0.34125 0.848036265625 0.64625 0.858051696875 0.79375 0.24210262343750003 0.58875 0.1294290125
480 0.56375 0.1369405859375 0.35625 0.1369405859375 0.10375000000000001 0.2070486109375 0.30125 0.8680671296875 0.60875 0.9006172843750001 0.8462500000000001 0.24711033906250002 0.56375 0.1369405859375
480 0.52125 0.11190200624999999 0.25875 0.17449845625 0.12375 0.26964506250000003 0.33875 0.8505401234375001 0.5962500000000001 0.8680671296875 0.80625 0.2295833328125 0.52125 0.11190200624999999
480 0.8162499999999999 0.274652778125 0.6912499999999999 0.14695601875 0.42874999999999996 0.141948303125 0.27875 0.17449845625 0.27125 0.17449845625 0.13874999999999998 0.2596296296875 0.36875 0.8280054015625 0.5587500000000001 0.88809799375 0.67375 0.8380208328125001 0.8162499999999999 0.274652778125
480 0.52125 0.141948303125 0.37124999999999997 0.164483025 0.15125 0.24460648125 0.34875 0.8931057093750001 0.62625 0.910632715625 0.8262499999999999 0.267141203125 0.52125 0.141948303125
480 0.76125 0.24210262343750003 0.61875 0.1269251546875 0.32375 0.1619791671875 0.12625 0.249614196875 0.31375000000000003 0.8555478390625 0.54125 0.905625 0.6587500000000001 0.8505401234375001 0.76125 0.24210262343750003
480 0.80375 0.319722221875 0.66875 0.151963734375 0.30625 0.14695601875 0.29874999999999996 0.14945987656249998 0.15375 0.25211805625 0.32125 0.8204938265624999 0.49874999999999997 0.8555478390625 0.65125 0.8405246906249999 0.80375 0.319722221875
480 0.52125 0.089367284375 0.21375000000000002 0.1795061734375 0.11125 0.2771566359375 0.30625 0.8981134265625 0.58875 0.883090278125 0.82125 0.2721489203125 0.52125 0.089367284375