289 0.29312499999999997 0.6734864296875 0.20875 0.6302713984375 0.14125000000000001 0.657828809375 0.15375 0.7680584546875 0.24874999999999997 0.8331941546875001 0.25375000000000003 0.8331941546875001 0.2796557984375 0.787083596875 0.2888636359375 0.788043271875 0.29625 0.7897703546875 0.2878409078125 0.7985765796875001 0.29375 0.799958246875 0.28681818125 0.8091098875 0.29125 0.8101461375 0.2857954546875 0.819643196875 0.28875 0.8203340296875 0.2847727265625 0.8301765031249999 0.28625 0.8305219203125 0.28375 0.8407098124999999 0.54875 0.8707724421874999 0.5912499999999999 0.9359081421875001 0.74375 0.9359081421875001 0.79625 0.8707724421874999 0.77125 0.793110646875 0.64125 0.760542796875 0.62235 0.7594405015625 0.75255 0.57635908125 0.7549127921875 0.57591396875 0.76625 0.6277661796875 0.89375 0.6678496875000001 0.93875 0.6127348640625 0.89375 0.49749478125 0.8262499999999999 0.48747390468749996 0.78125 0.5350730687499999 0.75875 0.56764091875 0.7526453484375 0.5655435265625 0.7095639546875 0.3685051203125 0.72375 0.3697286015625 0.7787499999999999 0.3070981203125 0.74375 0.21189979062500003 0.6794642859375 0.186131821875 0.6710174421875 0.19220760312500001 0.66875 0.1818371609375 0.61125 0.1968684765625 0.6114166671875 0.207390396875 0.6060688390625 0.20609058593750001 0.52835145 0.34442225625 0.47375 0.31210855937500004 0.43375 0.22442588749999998 0.34625 0.229436325 0.28625 0.28455114843749996 0.31124999999999997 0.34968684687499996 0.32875 0.377244259375 0.30011363593749996 0.6721768828125 0.29312499999999997 0.6734864296875
161 0.80625 0.7680584546875 0.81125 0.6628392484375001 0.7462500000000001 0.57265135625 0.76875 0.479958246875 0.7262500000000001 0.46743214999999994 0.6487499999999999 0.585177453125 0.49375 0.620250521875 0.37625000000000003 0.5275574109375001 0.38625 0.4248434234375 0.32125 0.3897703546875 0.26625 0.42734864375 0.30874999999999997 0.5375782874999999 0.31875 0.6728601249999999 0.28875 0.70793319375 0.29874999999999996 0.760542796875 0.33625 0.8131524015625 0.33375 0.8206680578125001 0.52625 0.8732776624999999 0.6012500000000001 0.753027140625 0.66625 0.8081419625 0.80625 0.7680584546875
49 0.51125 0.31210855937500004 0.37625000000000003 0.46492693125000006 0.38875000000000004 0.6227557406249999 0.46875 0.6979123171875 0.48125 0.7104384140625 0.70875 0.6302713984375 0.69875 0.37974947812500004 0.63125 0.2870563671875 0.51125 0.31210855937500004
305 0.25125000000000003 0.38475991718749997 0.21625 0.5075156578125 0.16125 0.57265135625 0.21125 0.6152400828125 0.21125 0.6077244265624999 0.37875000000000003 0.5551148218749999 0.35625 0.3722338203125 0.30874999999999997 0.314613778125 0.25125000000000003 0.38475991718749997
35 0.6537499999999999 0.5601252609375 0.73375 0.46743214999999994 0.83375 0.46743214999999994 0.86875 0.444885178125 0.87625 0.4098121078125 0.8262499999999999 0.3371607515625 0.7112499999999999 0.3396659703125 0.6637500000000001 0.4223382046875 0.6537499999999999 0.5601252609375
289 0.3328125 0.753027140625 0.31875 0.7485177453125 0.30874999999999997 0.6603340296875 0.17875000000000002 0.6352818375 0.06625 0.6803757828125 0.15625 0.84572025 0.30125 0.8081419625 0.30924999999999997 0.7640501046875 0.32125 0.770563675 0.32 0.759540709375 0.32125 0.7565762 0.32703125 0.7617954078125 0.33125 0.7601252609375 0.55125 0.8382045921874999 0.57875 0.9584551140625001 0.67625 0.9509394578125001 0.71375 0.9058455109375 0.7162499999999999 0.7956158656250001 0.64375 0.7680584546875 0.605 0.790605428125 0.5971010640625 0.7850086625 0.7436436171875 0.6513259 0.75125 0.6483089765625001 0.8412499999999999 0.6979123171875 0.9237500000000001 0.6427974953125 0.9087500000000001 0.5182523109375 0.8978989359374999 0.5106072046875 0.9075 0.507873546875 0.9056117015625 0.50357126875 0.90625 0.49749478125 0.91332446875 0.49653533593750004 0.92875 0.482463465625 0.76275 0.5165344468749999 0.74125 0.3872651359375 0.79625 0.344676409375 0.7537499999999999 0.23695198281250002 0.68625 0.206889353125 0.6759722234375001 0.21106471875000002 0.6756465515625 0.2072349 0.66569444375 0.2152400828125 0.6650431046875 0.207580446875 0.45297413750000004 0.21449139687500002 0.44625000000000004 0.21691022968749998 0.4423706890625 0.2148369453125 0.43499999999999994 0.21691022968749998 0.43176724218749996 0.2151824921875 0.42374999999999996 0.21691022968749998 0.42116379375 0.2155280390625 0.4125 0.21691022968749998 0.37875000000000003 0.21691022968749998 0.33125 0.21440501093750003 0.30125 0.359707725 0.45375 0.4048016703125 0.53515625 0.4461377875 0.3328125 0.753027140625
161 0.48624999999999996 0.8507306890624999 0.54875 0.8382045921874999 0.63375 0.7780793312500001 0.69625 0.8156576203125001 0.7737499999999999 0.8331941546875001 0.86625 0.705427975 0.8162499999999999 0.6302713984375 0.79375 0.5926931109375 0.8262499999999999 0.5225469734375 0.8087500000000001 0.4724425890625 0.62625 0.4348643 0.60375 0.32713987499999997 0.52125 0.24697285937500002 0.47125000000000006 0.2895615859375 0.41875 0.3722338203125 0.28436046406250004 0.367508553125 0.19125 0.5050104390625 0.21375000000000002 0.6252609609374999 0.25625 0.6903966593749999 0.34125 0.793110646875 0.37374999999999997 0.8782881 0.48624999999999996 0.8507306890624999
49 0.42625 0.40229645156249993 0.33625 0.5075156578125 0.39125 0.6427974953125 0.49375 0.7329853859375 0.51625 0.77306889375 0.68125 0.617745303125 0.6212500000000001 0.4624217125 0.5037499999999999 0.382254696875 0.42625 0.40229645156249993
35 0.71875 0.34718162812500003 0.65625 0.39979123125 0.65625 0.5400835078124999 0.72875 0.517536534375 0.8712500000000001 0.43235908125 0.82875 0.39478079374999997 0.78625 0.359707725 0.71875 0.34718162812500003
305 0.24375 0.40229645156249993 0.19375 0.517536534375 0.18875 0.587682671875 0.21375000000000002 0.6227557406249999 0.27125 0.63778705625 0.26875 0.617745303125 0.35375 0.5350730687499999 0.29125 0.3672233828125 0.27875 0.309603340625 0.24375 0.40229645156249993
368 0.42874999999999996 0.8231732781250001 0.37625000000000003 0.7830897703125 0.38125 0.760542796875 0.37374999999999997 0.7505219203125 0.35125 0.863256784375 0.45875000000000005 0.8782881 0.46125 0.8231732781250001 0.42874999999999996 0.8231732781250001