483 0.07125000000000001 0.20750000000000002 0.013750000000000002 0.3225 0.01125 0.48 0.10874999999999999 0.41 0.18125 0.3075 0.20375000000000001 0.32999999999999996 0.26375000000000004 0.42000000000000004 0.36124999999999996 0.26749999999999996 0.27125 0.2325 0.21375000000000002 0.2125 0.07125000000000001 0.20750000000000002
4 0.05375 0.4125 0.05375 0.515 0.08554389375 0.5374427484375001 0.16875 0.5 0.22374999999999998 0.4025 0.23374999999999999 0.32999999999999996 0.18875 0.3 0.12375 0.3625 0.05375 0.4125
257 0.08125 0.7025 0.16625 0.7474999999999999 0.18375 0.6625 0.058750000000000004 0.545 0.03875 0.5575 0.03875 0.6275000000000001 0.08125 0.7025
178 0.42625 0.14750000000000002 0.42625 0.28250000000000003 0.47125000000000006 0.4125 0.56375 0.43 0.61375 0.45 0.64125 0.4525 0.77625 0.3675 0.76125 0.175 0.5862499999999999 0.08249999999999999 0.42625 0.14750000000000002
186 0.83625 0.5825 0.7887500000000001 0.495 0.7887500000000001 0.49000000000000005 0.7829947921875 0.4569075515625 0.61875 0.44000000000000006 0.63875 0.5275000000000001 0.66875 0.6825 0.7112499999999999 0.745 0.8087500000000001 0.7175 0.83625 0.5825
161 0.7737499999999999 0.96 0.8087500000000001 0.9025000000000001 0.8262499999999999 0.8975 0.39875 0.8074999999999999 0.38125 0.915 0.42125 0.96 0.7737499999999999 0.96
109 0.33375 0.44749999999999995 0.26625 0.49000000000000005 0.32125 0.6174999999999999 0.41125 0.5974999999999999 0.54625 0.5375 0.49375 0.49749999999999994 0.42625 0.45 0.33375 0.44749999999999995
236 0.27375 0.155 0.26875 0.2475 0.42125 0.28250000000000003 0.52125 0.1325 0.48875 0.1025 0.40625 0.12 0.27375 0.155
80 0.35375 0.2425 0.30375 0.2925 0.21375000000000002 0.43499999999999994 0.27875 0.5325 0.35875 0.49000000000000005 0.38625 0.4425 0.40625 0.44749999999999995 0.45625 0.485 0.50125 0.4725 0.5662499999999999 0.4625 0.46375 0.36 0.40625 0.26749999999999996 0.35375 0.2425
471 0.15625 0.7375 0.19624999999999998 0.835 0.23625 0.8525 0.27125 0.875 0.35875 0.6625 0.32375 0.605 0.23374999999999999 0.6525000000000001 0.15625 0.7375
345 0.50125 0.1625 0.54875 0.2425 0.57625 0.2725 0.60375 0.315 0.64125 0.325 0.64375 0.3375 0.70125 0.2725 0.66875 0.22000000000000003 0.5587500000000001 0.14750000000000002 0.50125 0.1625
250 0.11625 0.4925 0.11374999999999999 0.5900000000000001 0.13125 0.63 0.15625 0.6575 0.32125 0.6325000000000001 0.30125 0.5349999999999999 0.22374999999999998 0.48 0.11625 0.4925